/oikcom/oik-plugins/oik/,,5.470590,5.5.18,1402,4298,300,37,430,58,28,14,90,,,,fe80::14f0:845:ee8a:2657,5.470497,2015-12-30T11:57:54+00:00
/oikcom/wp-login.php,,1.269957,5.5.18,1402,3748,293,37,373,58,28,14,10,,,,fe80::14f0:845:ee8a:2657,1.269861,2015-12-30T11:57:55+00:00
/oikcom/,,2.362169,5.5.18,1402,3955,295,37,405,58,28,14,64,,,,fe80::14f0:845:ee8a:2657,2.362059,2015-12-30T11:57:58+00:00
/oikcom/plugins/info/,,1.235553,5.5.18,1402,3820,293,37,377,58,28,14,11,,,,fe80::14f0:845:ee8a:2657,1.235473,2015-12-30T11:57:59+00:00
/oikcom/feed/,,2.243373,5.5.18,1402,3787,293,37,376,58,28,14,19,,,,fe80::14f0:845:ee8a:2657,2.243278,2015-12-30T11:58:01+00:00
/oikcom/apis/oik-apis/,,2.235880,5.5.18,1402,3965,295,37,405,58,28,14,62,,,,fe80::14f0:845:ee8a:2657,2.235781,2015-12-30T11:58:04+00:00
/oikcom/wp-cron.php,,1.204225,5.5.18,1402,3737,293,37,372,58,28,14,10,,,,fe80::14f0:845:ee8a:2657,1.204115,2015-12-30T11:58:05+00:00
/oikcom/oik_todo/create-date-history-shortcode/,,2.344525,5.5.18,1402,4095,296,37,412,58,28,14,69,,,,fe80::14f0:845:ee8a:2657,2.344429,2015-12-30T11:58:07+00:00
/oikcom//plugins/info/,,1.221445,5.5.18,1402,3736,293,37,374,58,28,14,11,,,,fe80::14f0:845:ee8a:2657,1.221335,2015-12-30T11:58:09+00:00
/oikcom/plugins/info/,,1.227338,5.5.18,1402,3820,293,37,377,58,28,14,11,,,,fe80::14f0:845:ee8a:2657,1.227259,2015-12-30T11:58:10+00:00
/oikcom/plugins/check-these/,,1.239782,5.5.18,1402,3819,293,37,376,58,28,14,11,,,,fe80::14f0:845:ee8a:2657,1.239702,2015-12-30T11:58:11+00:00
/oikcom/plugins/download,,1.220468,5.5.18,1402,3736,293,37,374,58,28,14,11,,,,fe80::14f0:845:ee8a:2657,1.220361,2015-12-30T11:58:13+00:00
/oikcom/plugins/download/,,1.237908,5.5.18,1402,3820,293,37,377,58,28,14,11,,,,fe80::14f0:845:ee8a:2657,1.237828,2015-12-30T11:58:14+00:00
/oikcom/oik-plugins/oik-shortcode-server/,,2.713108,5.5.18,1402,4234,300,37,423,58,28,14,78,,,,fe80::14f0:845:ee8a:2657,2.713012,2015-12-30T11:58:17+00:00
/oikcom/plugins/download/,,1.237558,5.5.18,1402,3820,293,37,377,58,28,14,11,,,,fe80::14f0:845:ee8a:2657,1.237478,2015-12-30T11:58:18+00:00
/oikcom/plugins/update-check/,,1.236949,5.5.18,1402,3820,293,37,377,58,28,14,11,,,,fe80::14f0:845:ee8a:2657,1.236868,2015-12-30T11:58:20+00:00
/oikcom/wordpress-plugins-from-oik-plugins/,,2.976698,5.5.18,1402,4189,300,37,427,58,28,14,128,,,,fe80::14f0:845:ee8a:2657,2.976605,2015-12-30T11:58:23+00:00
/oikcom/shortcodes/,,3.073815,5.5.18,1402,4173,300,37,426,58,28,14,110,,,,fe80::14f0:845:ee8a:2657,3.073721,2015-12-30T11:58:26+00:00
/oikcom/wp-json/oembed/1.0/embed,,1.217547,5.5.18,1402,3736,293,37,373,58,28,14,10,,,,fe80::14f0:845:ee8a:2657,1.217452,2015-12-30T11:58:27+00:00
/oikcom/oik-plugins/oik-bwtrace-debug-trace-for-wordpress/,,3.901899,5.5.18,1402,4237,300,37,422,58,28,14,112,,,,fe80::14f0:845:ee8a:2657,3.901804,2015-12-30T11:58:31+00:00
/oikcom/oik_todo/create-date-history-shortcode/,,2.442560,5.5.18,1402,4095,296,37,412,58,28,14,69,,,,fe80::14f0:845:ee8a:2657,2.442465,2015-12-30T11:58:34+00:00
/oikcom/apis/oik-shortcodes-apis/,,3.103863,5.5.18,1402,4201,300,37,426,58,28,14,96,,,,fe80::14f0:845:ee8a:2657,3.103765,2015-12-30T11:58:37+00:00
/oikcom/oik-plugins/oik-weightcountry-shipping-pro/,,2.769581,5.5.18,1402,4115,300,37,419,58,28,14,66,,,,fe80::14f0:845:ee8a:2657,2.769486,2015-12-30T11:58:40+00:00
/oikcom/xmlrpc.php,,1.345554,5.5.18,1402,4113,310,37,398,58,28,14,10,,,,fe80::14f0:845:ee8a:2657,1.345478,2015-12-30T11:58:41+00:00
/oikcom/oik-plugins/oik-clone-clone-your-wordpress-content/,,2.859990,5.5.18,1402,4247,300,37,424,58,28,14,77,,,,fe80::14f0:845:ee8a:2657,2.859884,2015-12-30T11:58:44+00:00
/oikcom/wp-admin/admin-ajax.php,heartbeat,1.818753,5.5.18,1402,4374,326,37,457,58,28,14,18,,,,192.168.1.6,1.818674,2015-12-30T11:58:46+00:00
/oikcom/oik-plugins/oik-nivo-slider-jquery-nivo-slider/,,3.058428,5.5.18,1402,4160,300,37,421,58,28,14,123,,,,fe80::14f0:845:ee8a:2657,3.058331,2015-12-30T11:58:48+00:00
/oikcom/2014/04/implement-missing-sociable-shortcode-functions-php/,,3.163891,5.5.18,1402,4210,296,37,412,58,28,14,80,,,,fe80::14f0:845:ee8a:2657,3.163797,2015-12-30T11:58:51+00:00
/oikcom/home/,,1.251213,5.5.18,1402,3736,293,37,374,58,28,14,15,,,,fe80::14f0:845:ee8a:2657,1.251106,2015-12-30T11:58:52+00:00
/oikcom/home-2/,,3.110444,5.5.18,1402,4040,295,37,413,58,28,14,109,,,,fe80::14f0:845:ee8a:2657,3.110353,2015-12-30T11:58:55+00:00
/oikcom/oik-plugins/oik-types/,,2.728107,5.5.18,1402,4134,300,37,419,58,28,14,67,,,,fe80::14f0:845:ee8a:2657,2.728010,2015-12-30T11:58:58+00:00
/oikcom/oik-plugins/oik-fields-custom-post-type-field-apis/,,2.686498,5.5.18,1402,4226,300,37,422,58,28,14,83,,,,fe80::14f0:845:ee8a:2657,2.686402,2015-12-30T11:59:01+00:00
/oikcom/2014/04/implement-missing-sociable-shortcode-functions-php/trackback/,,1.273775,5.5.18,1402,3788,293,37,376,58,28,14,14,,,,fe80::14f0:845:ee8a:2657,1.273668,2015-12-30T11:59:02+00:00
/oikcom/2014/04/implement-missing-sociable-shortcode-functions-php/,,3.181771,5.5.18,1402,4210,296,37,412,58,28,14,80,,,,fe80::14f0:845:ee8a:2657,3.181673,2015-12-30T11:59:06+00:00
/oikcom/oik-plugins/oik-weightcountry-shipping-woocommerce-extension/,,2.621392,5.5.18,1402,4115,300,37,419,58,28,14,65,,,,fe80::14f0:845:ee8a:2657,2.621291,2015-12-30T11:59:08+00:00
/oikcom/wordpress-plugins-from-oik-plugins/wordpress-plugins/oik-nivo-slider/oik-nivo-slider-faq/oik-custom-image-link-url/,,2.806430,5.5.18,1402,4277,300,37,426,58,28,14,101,,,,fe80::14f0:845:ee8a:2657,2.806337,2015-12-30T11:59:11+00:00
/oikcom/oik-plugins/uk-tides-times-and-heights/,,2.768774,5.5.18,1402,4148,300,37,423,58,28,14,78,,,,fe80::14f0:845:ee8a:2657,2.768657,2015-12-30T11:59:14+00:00
/oikcom/oik-plugins/privacy-policy-page-generator/,,2.627468,5.5.18,1402,4115,300,37,419,58,28,14,63,,,,fe80::14f0:845:ee8a:2657,2.627369,2015-12-30T11:59:17+00:00
/oikcom/2014/12/pagination-not-working-properly-wordpress-4-1/,,2.625105,5.5.18,1402,4005,295,37,408,58,28,14,78,,,,fe80::14f0:845:ee8a:2657,2.624994,2015-12-30T11:59:20+00:00
/oikcom/oik_api/bw_trace2/,,3.550090,5.5.18,1402,4114,299,37,414,58,28,14,74,,,,fe80::14f0:845:ee8a:2657,3.549923,2015-12-30T11:59:24+00:00
/oikcom/oik-plugins/oik-bob-bing-wide-more-lazy-smart-shortcodes/,,5.432433,5.5.18,1402,4193,300,37,420,58,28,14,64,,,,fe80::14f0:845:ee8a:2657,5.428420,2015-12-30T11:59:29+00:00
/oikcom/wordpress-plugins-from-oik-plugins/free-oik-plugins/,,4.896358,5.5.18,1402,4134,300,37,419,58,28,14,195,,,,fe80::14f0:845:ee8a:2657,4.896260,2015-12-30T11:59:34+00:00
/oikcom/contact/,,1.877305,5.5.18,1402,3736,293,37,374,58,28,14,16,,,,fe80::14f0:845:ee8a:2657,1.877179,2015-12-30T11:59:36+00:00
/oikcom/support/contact/,,3.453664,5.5.18,1402,3985,295,37,410,58,28,14,57,,,,fe80::14f0:845:ee8a:2657,3.453564,2015-12-30T11:59:39+00:00
/oikcom/oik-plugins/cookie-cat-tabulate-your-website-cookies/,,4.241751,5.5.18,1402,4139,300,37,420,58,28,14,67,,,,fe80::14f0:845:ee8a:2657,4.241607,2015-12-30T11:59:44+00:00
/oikcom/wordpress-plugins-from-oik-plugins/wordpress-plugins/oik-nivo-slider/nivo-settings/,,3.664806,5.5.18,1402,4174,301,37,425,58,28,14,96,,,,fe80::14f0:845:ee8a:2657,3.664599,2015-12-30T11:59:47+00:00
/oikcom/wordpress-plugins-from-oik-plugins/wordpress-plugins/,,3.839912,5.5.18,1402,4126,295,37,415,58,28,14,107,,,,fe80::14f0:845:ee8a:2657,3.839804,2015-12-30T11:59:51+00:00
/oikcom/wordpress-plugins-from-oik-plugins/wordpress-plugins/oik-nivo-slider/oik-nivo-slider-faq/controlling-the-height-of-the-nivo-slider/,,3.929735,5.5.18,1402,4331,301,37,431,58,28,14,138,,,,fe80::14f0:845:ee8a:2657,3.929627,2015-12-30T11:59:56+00:00
/oikcom/wordpress-plugins-from-oik-plugins/oik-base-plugin-2/oik-changelog/,,1.210396,5.5.18,1402,3736,293,37,374,58,28,14,16,,,,fe80::14f0:845:ee8a:2657,1.210274,2015-12-30T11:59:57+00:00
/oikcom/oik/oik-changelog/,,2.148572,5.5.18,1402,3987,295,37,409,58,28,14,62,,,,fe80::14f0:845:ee8a:2657,2.148480,2015-12-30T11:59:59+00:00
/oikcom/wp-content/themes/genesis-oik/images/ui-icons_454545_256x240.png,,1.971659,5.5.18,1402,3909,293,37,400,58,28,14,48,,,,fe80::14f0:845:ee8a:2657,1.971563,2015-12-30T12:00:01+00:00
/oikcom/oik-plugins/oik-batchmove/,,2.257773,5.5.18,1402,4109,300,37,419,58,28,14,65,,,,fe80::14f0:845:ee8a:2657,2.257679,2015-12-30T12:00:04+00:00
/oikcom/oik-plugins/oik-lib-shared-library-management/,,2.272116,5.5.18,1402,4106,300,37,418,58,28,14,65,,,,fe80::14f0:845:ee8a:2657,2.272020,2015-12-30T12:00:06+00:00
/oikcom/apis/plugins/action-filter-hooks/,,2.359691,5.5.18,1402,3979,295,37,408,58,28,14,68,,,,fe80::14f0:845:ee8a:2657,2.359596,2015-12-30T12:00:08+00:00
/oikcom/oik_file/feedoik-banner-feed-php/,,2.762323,5.5.18,1402,4100,298,37,414,58,28,14,62,,,,fe80::14f0:845:ee8a:2657,2.762228,2015-12-30T12:00:11+00:00
/oikcom/about-oik-plugins-lazy-smart-shortcodes/,,2.262731,5.5.18,1402,4229,300,37,425,58,28,14,71,,,,fe80::14f0:845:ee8a:2657,2.262636,2015-12-30T12:00:14+00:00
/oikcom/oik_api/bw_array_get/,,4.475322,5.5.18,1402,4114,299,37,414,58,28,14,83,,,,fe80::14f0:845:ee8a:2657,4.475232,2015-12-30T12:00:18+00:00
/oikcom/oik-plugins/external-link-warning-jquery/,,2.269588,5.5.18,1402,4128,300,37,418,58,28,14,69,,,,fe80::14f0:845:ee8a:2657,2.269491,2015-12-30T12:00:21+00:00
/oikcom/oik_api/e/,,3.784593,5.5.18,1402,4114,299,37,414,58,28,14,79,,,,fe80::14f0:845:ee8a:2657,3.784499,2015-12-30T12:00:25+00:00
/oikcom/2013/12/escaped-shortcodes-unexpectedly-expanded-get_the_excerpt/wp-admin/admin-ajax.php,,1.853073,5.5.18,1402,3909,293,37,400,58,28,14,48,,,,fe80::14f0:845:ee8a:2657,1.852978,2015-12-30T12:00:27+00:00
/oikcom/tutorials/,,2.690426,5.5.18,1402,4206,300,37,428,58,28,14,116,,,,fe80::14f0:845:ee8a:2657,2.690332,2015-12-30T12:00:29+00:00
/oikcom/oik_api/p/,,5.116560,5.5.18,1402,4114,299,37,414,58,28,14,92,,,,fe80::14f0:845:ee8a:2657,5.116466,2015-12-30T12:00:35+00:00
/oikcom/examples/,,2.648449,5.5.18,1402,4192,300,37,428,58,28,14,112,,,,fe80::14f0:845:ee8a:2657,2.648355,2015-12-30T12:00:37+00:00
/oikcom/oik-plugins/bbboing/,,2.457156,5.5.18,1402,4141,301,37,423,58,28,14,65,,,,fe80::14f0:845:ee8a:2657,2.457060,2015-12-30T12:00:40+00:00
/oikcom/oik-plugins/oik-bbpress-strip-tags-from-bbpress-forum-title-tooltips/,,2.395335,5.5.18,1402,4149,300,37,419,58,28,14,68,,,,fe80::14f0:845:ee8a:2657,2.395237,2015-12-30T12:00:42+00:00
/oikcom/oik_api/oik_attachment_fields_to_save/,,3.976028,5.5.18,1402,4114,299,37,414,58,28,14,81,,,,fe80::14f0:845:ee8a:2657,3.975929,2015-12-30T12:00:46+00:00
/oikcom/wp-admin/admin-ajax.php,heartbeat,1.592604,5.5.18,1402,4374,326,37,457,58,28,14,18,,,,192.168.1.6,1.592523,2015-12-30T12:00:47+00:00
/oikcom/oik-plugins/oik-rwd/,,2.952781,5.5.18,1402,4163,300,37,420,58,28,14,70,,,,fe80::14f0:845:ee8a:2657,2.952687,2015-12-30T12:00:50+00:00
/oikcom/wordpress-plugins-from-oik-plugins/oik-base-plugin/oik-jquery-library/jquery-fancybox/jquery-fancybox-with-nivo-slider/,,2.598757,5.5.18,1402,4296,300,37,428,58,28,14,114,,,,fe80::14f0:845:ee8a:2657,2.598664,2015-12-30T12:00:52+00:00
/oikcom/oik-plugins/diy-oik/,,4.591614,5.5.18,1402,4172,300,37,421,58,28,14,74,,,,fe80::14f0:845:ee8a:2657,4.591520,2015-12-30T12:00:57+00:00
/oikcom/oik-plugins/oik-css/,,2.445762,5.5.18,1402,4198,300,37,421,58,28,14,66,,,,fe80::14f0:845:ee8a:2657,2.445669,2015-12-30T12:01:00+00:00
/oikcom/contact/contact-us/,,1.138072,5.5.18,1402,3736,293,37,374,58,28,14,17,,,,fe80::14f0:845:ee8a:2657,1.137966,2015-12-30T12:01:01+00:00
/oikcom/support/contact/contact-us/,,2.389162,5.5.18,1402,4255,300,37,428,58,28,14,80,,,,fe80::14f0:845:ee8a:2657,2.389068,2015-12-30T12:01:03+00:00
/oikcom/oik-plugins/us-tides/,,2.553997,5.5.18,1402,4220,300,37,422,58,28,14,66,,,,fe80::14f0:845:ee8a:2657,2.553902,2015-12-30T12:01:06+00:00
/oikcom/contact/stay-informed/,,1.092574,5.5.18,1402,3736,293,37,374,58,28,14,16,,,,fe80::14f0:845:ee8a:2657,1.092466,2015-12-30T12:01:07+00:00
/oikcom/support/stay-informed/,,2.039696,5.5.18,1402,3923,295,37,403,58,28,14,59,,,,fe80::14f0:845:ee8a:2657,2.039603,2015-12-30T12:01:09+00:00
/oikcom/about-oik-plugins-lazy-smart-shortcodes/lazy-shortcodes/,,2.056252,5.5.18,1402,3925,295,37,404,58,28,14,58,,,,fe80::14f0:845:ee8a:2657,2.056155,2015-12-30T12:01:12+00:00
/oikcom/oik-plugins/oik-user/,,2.418142,5.5.18,1402,4233,300,37,421,58,28,14,69,,,,fe80::14f0:845:ee8a:2657,2.418046,2015-12-30T12:01:14+00:00
/oikcom/wordpress-plugins-from-oik-plugins/oik-base-plugin-2/oik-faq/,,1.092504,5.5.18,1402,3736,293,37,374,58,28,14,16,,,,fe80::14f0:845:ee8a:2657,1.092396,2015-12-30T12:01:15+00:00
/oikcom/oik/oik-faq/,,2.519190,5.5.18,1402,4267,300,37,426,58,28,14,91,,,,fe80::14f0:845:ee8a:2657,2.519094,2015-12-30T12:01:18+00:00
/oikcom/apis/,,2.485965,5.5.18,1402,4013,295,37,411,58,28,14,128,,,,fe80::14f0:845:ee8a:2657,2.485871,2015-12-30T12:01:20+00:00
/oikcom/wordpress-plugins-from-oik-plugins/premium-oik-plugins/,,2.895753,5.5.18,1402,4016,295,37,410,58,28,14,133,,,,fe80::14f0:845:ee8a:2657,2.895654,2015-12-30T12:01:24+00:00
/oikcom/blog/,,2.666399,5.5.18,1402,3923,295,37,403,58,28,14,85,,,,fe80::14f0:845:ee8a:2657,2.666300,2015-12-30T12:01:26+00:00
/oikcom/apis/oik-trace-apis/,,2.594590,5.5.18,1402,4044,295,37,412,58,28,14,76,,,,fe80::14f0:845:ee8a:2657,2.594498,2015-12-30T12:01:29+00:00
/oikcom/oik-plugins/oik-buddypress-signup-email/,,2.447863,5.5.18,1402,4112,300,37,417,58,28,14,66,,,,fe80::14f0:845:ee8a:2657,2.447769,2015-12-30T12:01:32+00:00
/oikcom/2012/12/fix-for-warning-json_encode-expects-exactly-1-parameter-2-given/,,2.263978,5.5.18,1402,4045,295,37,410,58,28,14,62,,,,fe80::14f0:845:ee8a:2657,2.263876,2015-12-30T12:01:34+00:00
/oikcom/contact/sitemap/,,1.097046,5.5.18,1402,3736,293,37,374,58,28,14,16,,,,fe80::14f0:845:ee8a:2657,1.096938,2015-12-30T12:01:35+00:00
/oikcom/support/sitemap/,,4.971544,5.5.18,1402,4153,300,37,422,58,28,14,535,,,,fe80::14f0:845:ee8a:2657,4.971449,2015-12-30T12:01:40+00:00
/oikcom/about-oik-plugins-lazy-smart-shortcodes/smart-shortcodes/,,1.989214,5.5.18,1402,4006,295,37,405,58,28,14,58,,,,fe80::14f0:845:ee8a:2657,1.989117,2015-12-30T12:01:42+00:00
/oikcom/oik-plugins/oik-edd/,,2.272120,5.5.18,1402,4209,300,37,422,58,28,14,65,,,,fe80::14f0:845:ee8a:2657,2.272026,2015-12-30T12:01:45+00:00
/oikcom/oik-plugins/oik-plugins-wordpress-plugins-server/,,2.460503,5.5.18,1402,4287,300,37,426,58,28,14,74,,,,fe80::14f0:845:ee8a:2657,2.460406,2015-12-30T12:01:47+00:00
/oikcom/wordpress-plugins-from-oik-plugins/oik-base-plugin/,,2.342675,5.5.18,1402,4240,300,37,424,58,28,14,93,,,,fe80::14f0:845:ee8a:2657,2.342581,2015-12-30T12:01:50+00:00
/oikcom/oik-plugins/oik-blogger-redirect/,,2.224469,5.5.18,1402,4112,300,37,417,58,28,14,65,,,,fe80::14f0:845:ee8a:2657,2.224373,2015-12-30T12:01:52+00:00
/oikcom/oik-plugins/oik-testimonials/,,2.291651,5.5.18,1402,4227,300,37,425,58,28,14,74,,,,fe80::14f0:845:ee8a:2657,2.291556,2015-12-30T12:01:55+00:00
/oikcom/wordpress-plugins-from-oik-plugins/oik-base-plugin-2/oik-donate/,,1.153213,5.5.18,1402,3736,293,37,374,58,28,14,16,,,,fe80::14f0:845:ee8a:2657,1.153103,2015-12-30T12:01:56+00:00
/oikcom/oik/oik-donate/,,2.233410,5.5.18,1402,4131,300,37,422,58,28,14,79,,,,fe80::14f0:845:ee8a:2657,2.233316,2015-12-30T12:01:58+00:00
/oikcom/oik_api/bw_trace_included_files/,,6.154423,5.5.18,1402,4089,299,37,409,58,28,14,99,,,,fe80::14f0:845:ee8a:2657,6.154333,2015-12-30T12:02:04+00:00
/oikcom/oik-plugins/oik-themes-wordpress-themes-server/,,2.550531,5.5.18,1402,4189,300,37,424,58,28,14,67,,,,fe80::14f0:845:ee8a:2657,2.550434,2015-12-30T12:02:06+00:00
/oikcom/oik-installation/,,1.096991,5.5.18,1402,3736,293,37,374,58,28,14,16,,,,fe80::14f0:845:ee8a:2657,1.096884,2015-12-30T12:02:07+00:00
/oikcom/oik/oik-installation/,,2.344346,5.5.18,1402,4128,300,37,420,58,28,14,79,,,,fe80::14f0:845:ee8a:2657,2.344250,2015-12-30T12:02:09+00:00
/oikcom/oik-plugins/oik-read-progressively-reveal-content/,,2.660772,5.5.18,1402,4225,300,37,423,58,28,14,64,,,,fe80::14f0:845:ee8a:2657,2.660664,2015-12-30T12:02:12+00:00
/oikcom/wp-admin/admin-ajax.php,heartbeat,1.734445,5.5.18,1402,4374,326,37,457,58,28,14,18,,,,192.168.1.6,1.734363,2015-12-30T12:02:14+00:00
/oikcom/oik-plugins/oik-sc-help-shortcode-help-shortcodes/,,2.655309,5.5.18,1402,4123,300,37,419,58,28,14,66,,,,fe80::14f0:845:ee8a:2657,2.655213,2015-12-30T12:02:15+00:00
/oikcom/oik/oik-faq/,,2.589987,5.5.18,1402,4267,300,37,426,58,28,14,91,,,,fe80::14f0:845:ee8a:2657,2.589892,2015-12-30T12:02:18+00:00
/oikcom/oik-plugins/oik-mshot/,,2.486824,5.5.18,1402,4147,300,37,419,58,28,14,68,,,,fe80::14f0:845:ee8a:2657,2.486724,2015-12-30T12:02:20+00:00
/oikcom/oik-plugins/oik-debug-filters/,,2.628316,5.5.18,1402,4131,300,37,419,58,28,14,65,,,,fe80::14f0:845:ee8a:2657,2.628219,2015-12-30T12:02:23+00:00
/oikcom/oik-plugins/oik-batch/,,2.452233,5.5.18,1402,4140,300,37,418,58,28,14,67,,,,fe80::14f0:845:ee8a:2657,2.452139,2015-12-30T12:02:26+00:00
/oikcom/oik-plugins/oik-woo/,,2.375288,5.5.18,1402,4096,300,37,416,58,28,14,59,,,,fe80::14f0:845:ee8a:2657,2.375190,2015-12-30T12:02:28+00:00
/oikcom/oik-plugins/oik-responsive-menu-jquery-responsive-menu/,,2.406671,5.5.18,1402,4112,300,37,417,58,28,14,66,,,,fe80::14f0:845:ee8a:2657,2.406575,2015-12-30T12:02:31+00:00
/oikcom/oik-plugins/oik-clone-clone-your-wordpress-content/index.php,,1.087640,5.5.18,1402,3736,293,37,374,58,28,14,14,,,,fe80::14f0:845:ee8a:2657,1.087532,2015-12-30T12:02:32+00:00
/oikcom/oik-plugins/oik-clone-clone-your-wordpress-content/,,2.524369,5.5.18,1402,4247,300,37,424,58,28,14,77,,,,fe80::14f0:845:ee8a:2657,2.524272,2015-12-30T12:02:35+00:00
/oikcom/oik-plugins/oik-ms-oik-multisite-shortcodes/,,2.401946,5.5.18,1402,4214,300,37,421,58,28,14,64,,,,fe80::14f0:845:ee8a:2657,2.401851,2015-12-30T12:02:37+00:00
/oikcom/oik-plugins/oik-email-signature/,,2.429658,5.5.18,1402,4121,300,37,419,58,28,14,72,,,,fe80::14f0:845:ee8a:2657,2.429563,2015-12-30T12:02:40+00:00
/oikcom/oik-plugins/oik-popup-time-delayed-slide-content/,,2.564595,5.5.18,1402,4199,300,37,419,58,28,14,63,,,,fe80::14f0:845:ee8a:2657,2.564493,2015-12-30T12:02:42+00:00
/oikcom/oik-plugins/wordpress-core-functionality/,,2.425007,5.5.18,1402,4107,300,37,418,58,28,14,58,,,,fe80::14f0:845:ee8a:2657,2.424909,2015-12-30T12:02:45+00:00
/oikcom/wordpress-plugins-from-oik-plugins/oik-base-plugin-2/oik-paypal-buttons/,,1.105224,5.5.18,1402,3736,293,37,374,58,28,14,16,,,,fe80::14f0:845:ee8a:2657,1.105117,2015-12-30T12:02:46+00:00
/oikcom/oik/oik-paypal-buttons/,,2.078247,5.5.18,1402,4042,295,37,410,58,28,14,58,,,,fe80::14f0:845:ee8a:2657,2.078152,2015-12-30T12:02:48+00:00
/oikcom/oik-plugins/oik-window-width/,,2.352710,5.5.18,1402,4106,300,37,418,58,28,14,63,,,,fe80::14f0:845:ee8a:2657,2.352615,2015-12-30T12:02:51+00:00
/oikcom/wp-content/themes/genesis-oik/images/ui-bg_glass_65_ffffff_1x400.png,,1.906712,5.5.18,1402,3909,293,37,400,58,28,14,48,,,,fe80::14f0:845:ee8a:2657,1.906618,2015-12-30T12:02:53+00:00
/oikcom/oik-plugins/oik-sidebar-widget-wrangler-for-artisteer-themes/,,2.334121,5.5.18,1402,4112,300,37,417,58,28,14,66,,,,fe80::14f0:845:ee8a:2657,2.334023,2015-12-30T12:02:55+00:00
/oikcom/oik-plugins/oik-infusionsoft-sign-up-form/,,2.359287,5.5.18,1402,4112,300,37,417,58,28,14,64,,,,fe80::14f0:845:ee8a:2657,2.359188,2015-12-30T12:02:58+00:00
/oikcom/wp-content/themes/genesis-oik/images/ui-bg_glass_75_e6e6e6_1x400.png,,2.044665,5.5.18,1402,3909,293,37,400,58,28,14,48,,,,fe80::14f0:845:ee8a:2657,2.044569,2015-12-30T12:03:00+00:00
/oikcom/wp-content/themes/genesis-oik/images/ui-bg_flat_75_ffffff_40x100.png,,1.958287,5.5.18,1402,3909,293,37,400,58,28,14,48,,,,fe80::14f0:845:ee8a:2657,1.958192,2015-12-30T12:03:02+00:00
/oikcom/wordpress-plugins-from-oik-plugins/oik-base-plugin-2/oik-installation/,,1.094027,5.5.18,1402,3736,293,37,374,58,28,14,16,,,,fe80::14f0:845:ee8a:2657,1.093910,2015-12-30T12:03:03+00:00
/oikcom/oik/oik-installation/,,2.345331,5.5.18,1402,4128,300,37,420,58,28,14,79,,,,fe80::14f0:845:ee8a:2657,2.345234,2015-12-30T12:03:06+00:00
/oikcom/apple-touch-icon.png,,1.942476,5.5.18,1402,3909,293,37,400,58,28,14,48,,,,fe80::14f0:845:ee8a:2657,1.942381,2015-12-30T12:03:08+00:00
/oikcom/oik-plugins/oik-video-bw_video-shortcode/,,2.411405,5.5.18,1402,4133,300,37,420,58,28,14,69,,,,fe80::14f0:845:ee8a:2657,2.411308,2015-12-30T12:03:10+00:00
/oikcom/oik-plugins/oik-tunes/,,2.670610,5.5.18,1402,4112,300,37,417,58,28,14,66,,,,fe80::14f0:845:ee8a:2657,2.670510,2015-12-30T12:03:13+00:00
/oikcom/wp-admin/admin-ajax.php,heartbeat,2.297544,5.5.18,1402,4374,326,37,457,58,28,14,18,,,,192.168.1.6,2.297451,2015-12-30T12:03:15+00:00
/oikcom/wp-content/themes/genesis-oik/images/ui-icons_888888_256x240.png,,2.531459,5.5.18,1402,3909,293,37,400,58,28,14,48,,,,fe80::14f0:845:ee8a:2657,2.531363,2015-12-30T12:03:16+00:00
/oikcom/oik-plugins/oik-dates-custom-date-fields/,,2.585884,5.5.18,1402,4227,300,37,420,58,28,14,68,,,,fe80::14f0:845:ee8a:2657,2.585778,2015-12-30T12:03:19+00:00
/oikcom/oik-plugins/oik-squeeze/,,2.564504,5.5.18,1402,4112,300,37,417,58,28,14,65,,,,fe80::14f0:845:ee8a:2657,2.563733,2015-12-30T12:03:21+00:00
/oikcom/oik-plugins/oik-header-custom-header-image/,,2.423992,5.5.18,1402,4144,300,37,419,58,28,14,66,,,,fe80::14f0:845:ee8a:2657,2.423897,2015-12-30T12:03:24+00:00
/oikcom/apis/oik-fields-apis/,,3.101557,5.5.18,1402,4217,300,37,427,58,28,14,96,,,,fe80::14f0:845:ee8a:2657,3.101451,2015-12-30T12:03:27+00:00
/oikcom/wordpress-themes-oik-plugins/free-themes/,,2.860036,5.5.18,1402,4009,295,37,411,58,28,14,71,,,,fe80::14f0:845:ee8a:2657,2.859925,2015-12-30T12:03:30+00:00
/oikcom/oik/,,3.736361,5.5.18,1402,4277,300,37,428,58,28,14,121,,,,fe80::14f0:845:ee8a:2657,3.736256,2015-12-30T12:03:34+00:00
/oikcom/oik-plugins/oik-workingfeedback-testimonials/,,3.509535,5.5.18,1402,4146,300,37,420,58,28,14,64,,,,fe80::14f0:845:ee8a:2657,3.509430,2015-12-30T12:03:38+00:00
/oikcom/oik-plugins/oik-post-type-support/,,3.307722,5.5.18,1402,4266,300,37,422,58,28,14,74,,,,fe80::14f0:845:ee8a:2657,3.307615,2015-12-30T12:03:41+00:00
/oikcom/wordpress-plugins-from-oik-plugins/oik-base-plugin-2/oik-svn/,,1.285956,5.5.18,1402,3736,293,37,374,58,28,14,16,,,,fe80::14f0:845:ee8a:2657,1.285836,2015-12-30T12:03:42+00:00
/oikcom/oik/oik-svn/,,2.731552,5.5.18,1402,4161,300,37,423,58,28,14,91,,,,fe80::14f0:845:ee8a:2657,2.731441,2015-12-30T12:03:45+00:00
/oikcom/oik-plugins/oik-presentation/,,2.621620,5.5.18,1402,4140,300,37,418,58,28,14,68,,,,fe80::14f0:845:ee8a:2657,2.621499,2015-12-30T12:03:48+00:00
/oikcom/2014/10/fix-unresponsive-menu-button-child-themes-twentytwelve/,,3.333129,5.5.18,1402,4095,296,37,411,58,28,14,72,,,,fe80::14f0:845:ee8a:2657,3.333027,2015-12-30T12:03:52+00:00
/oikcom/wordpress-themes-oik-plugins/bespoke-themes/,,2.369624,5.5.18,1402,3991,295,37,408,58,28,14,69,,,,fe80::14f0:845:ee8a:2657,2.369527,2015-12-30T12:03:54+00:00
/oikcom/wordpress-themes-oik-plugins/premium-themes/,,2.196722,5.5.18,1402,3955,295,37,406,58,28,14,60,,,,fe80::14f0:845:ee8a:2657,2.196629,2015-12-30T12:03:56+00:00
/oikcom/wordpress-plugins-from-oik-plugins/wordpress-plugins/oik-nivo-slider/nivo-settings/nivo-slider-transition-effects/,,2.902441,5.5.18,1402,4161,300,37,423,58,28,14,110,,,,fe80::14f0:845:ee8a:2657,2.902325,2015-12-30T12:03:59+00:00
/oikcom/oik-plugins/oik-fum-flexible-update-manager/,,2.597464,5.5.18,1402,4131,300,37,419,58,28,14,71,,,,fe80::14f0:845:ee8a:2657,2.597363,2015-12-30T12:04:02+00:00
/oikcom/oik-plugins/foobar-least-amazing-plugin-world/,,2.621407,5.5.18,1402,4112,300,37,417,58,28,14,64,,,,fe80::14f0:845:ee8a:2657,2.621298,2015-12-30T12:04:05+00:00
/oikcom/wordpress-plugins-from-oik-plugins/oik-base-plugin-2/oik-plugins-github/,,1.186861,5.5.18,1402,3736,293,37,374,58,28,14,16,,,,fe80::14f0:845:ee8a:2657,1.186752,2015-12-30T12:04:06+00:00
/oikcom/oik/oik-plugins-github/,,2.601333,5.5.18,1402,4148,300,37,421,58,28,14,75,,,,fe80::14f0:845:ee8a:2657,2.601237,2015-12-30T12:04:09+00:00
/oikcom/apple-touch-icon-precomposed.png,,2.082626,5.5.18,1402,3909,293,37,400,58,28,14,48,,,,fe80::14f0:845:ee8a:2657,2.082529,2015-12-30T12:04:11+00:00
/oikcom/checkout/,,2.300506,5.5.18,1402,3920,295,37,403,58,28,14,54,,,,fe80::14f0:845:ee8a:2657,2.300411,2015-12-30T12:04:14+00:00
/oikcom/downloads/external-link-warning-jquery/,,2.436151,5.5.18,1402,4012,295,37,408,58,28,14,69,,,,fe80::14f0:845:ee8a:2657,2.436050,2015-12-30T12:04:16+00:00
/oikcom/wordpress-plugins-from-oik-plugins/oik-base-plugin/oik-options/oik-options-buttons/oik-button-for-bw_button-shortcode/,,2.977769,5.5.18,1402,4267,300,37,427,58,28,14,98,,,,fe80::14f0:845:ee8a:2657,2.977661,2015-12-30T12:04:19+00:00
/oikcom/oik-plugins/oik-todo-todo-list/,,2.782390,5.5.18,1402,4140,300,37,418,58,28,14,72,,,,fe80::14f0:845:ee8a:2657,2.782292,2015-12-30T12:04:22+00:00
/oikcom/tag/register/,,2.420787,5.5.18,1402,3917,293,37,401,58,28,14,58,,,,fe80::14f0:845:ee8a:2657,2.420686,2015-12-30T12:04:25+00:00
/oikcom/oik_shortcodes/bw_navi/,,2.751250,5.5.18,1402,4176,301,37,421,58,28,14,72,,,,fe80::14f0:845:ee8a:2657,2.751157,2015-12-30T12:04:28+00:00
/oikcom/oik_api/etag/,,4.034111,5.5.18,1402,4114,299,37,414,58,28,14,77,,,,fe80::14f0:845:ee8a:2657,4.034017,2015-12-30T12:04:32+00:00
/oikcom/oik-plugins/third-contact-plugin/,,2.667777,5.5.18,1402,4140,300,37,418,58,28,14,66,,,,fe80::14f0:845:ee8a:2657,2.667675,2015-12-30T12:04:35+00:00
/oikcom/apis/oik-batchmove-apis/,,3.048130,5.5.18,1402,4205,300,37,427,58,28,14,89,,,,fe80::14f0:845:ee8a:2657,3.048038,2015-12-30T12:04:38+00:00
/oikcom/oik_api/bw_format_nivo_nggallery/wp-admin/admin-ajax.php,,2.022569,5.5.18,1402,3909,293,37,400,58,28,14,48,,,,fe80::14f0:845:ee8a:2657,2.022472,2015-12-30T12:04:40+00:00
/oikcom/oik-plugins/oik-rating/,,2.634293,5.5.18,1402,4140,300,37,418,58,28,14,68,,,,fe80::14f0:845:ee8a:2657,2.634181,2015-12-30T12:04:43+00:00
/oikcom/wordpress-plugins-from-oik-plugins/wordpress-plugins/oik-nivo-slider/nivo-slider-defined-slide-order/,,2.988041,5.5.18,1402,4182,300,37,423,58,28,14,107,,,,fe80::14f0:845:ee8a:2657,2.987569,2015-12-30T12:04:46+00:00
/oikcom/downloads/multi-rate-weightcountry-shipping-for-woocommerce/,,2.275309,5.5.18,1402,3981,295,37,408,58,28,14,63,,,,fe80::14f0:845:ee8a:2657,2.275205,2015-12-30T12:04:48+00:00
/oikcom/sitemap_index.xml,,2.445119,5.5.18,1402,3955,295,37,405,58,28,14,64,,,,fe80::14f0:845:ee8a:2657,2.445024,2015-12-30T12:04:51+00:00
/oikcom/wordpress-plugins-from-oik-plugins/oik-base-plugin/oik-css/,,2.651710,5.5.18,1402,4122,300,37,419,58,28,14,92,,,,fe80::14f0:845:ee8a:2657,2.651599,2015-12-30T12:04:54+00:00
/oikcom/apis/plugins/api-list/,,3.053164,5.5.18,1402,4145,300,37,422,58,28,14,87,,,,fe80::14f0:845:ee8a:2657,3.053070,2015-12-30T12:04:57+00:00
/oikcom/2013/12/escaped-shortcodes-unexpectedly-expanded-get_the_excerpt/,,5.387221,5.5.18,1402,4206,297,37,415,58,28,14,132,,,,fe80::14f0:845:ee8a:2657,5.387113,2015-12-30T12:05:02+00:00
/oikcom/downloads/do-it-yourself-diy-shortcodes/,,2.587296,5.5.18,1402,3972,295,37,407,58,28,14,62,,,,fe80::14f0:845:ee8a:2657,2.587182,2015-12-30T12:05:05+00:00
/oikcom/oik_api/bw_ret/,,3.859221,5.5.18,1402,4114,299,37,414,58,28,14,72,,,,fe80::14f0:845:ee8a:2657,3.859126,2015-12-30T12:05:09+00:00
/oikcom/request-an-api-key/,,1.511723,5.5.18,1402,3736,293,37,374,58,28,14,16,,,,fe80::14f0:845:ee8a:2657,1.511614,2015-12-30T12:05:10+00:00
/oikcom/support/request-an-api-key/,,2.557082,5.5.18,1402,3940,295,37,405,58,28,14,59,,,,fe80::14f0:845:ee8a:2657,2.556964,2015-12-30T12:05:13+00:00
/oikcom/wp-admin/admin-ajax.php,heartbeat,1.793775,5.5.18,1402,4374,326,37,457,58,28,14,18,,,,192.168.1.6,1.793690,2015-12-30T12:05:14+00:00
/oikcom/downloads/us-saltwater-tide-times-and-heights/,,2.467900,5.5.18,1402,4011,295,37,409,58,28,14,65,,,,fe80::14f0:845:ee8a:2657,2.467799,2015-12-30T12:05:16+00:00
/oikcom/shortcode_example/bw_table-showing-non-oik-plugins/,,2.589339,5.5.18,1402,4196,301,37,426,58,28,14,71,,,,fe80::14f0:845:ee8a:2657,2.589247,2015-12-30T12:05:18+00:00
/oikcom/oik_api/bw_skv/,,3.113639,5.5.18,1402,4116,299,37,416,58,28,14,68,,,,fe80::14f0:845:ee8a:2657,3.113546,2015-12-30T12:05:22+00:00
/oikcom/oik_pluginversion/oik-bwtrace-v2-0-8/,,2.232518,5.5.18,1402,4213,300,37,421,58,28,14,86,,,,fe80::14f0:845:ee8a:2657,2.232423,2015-12-30T12:05:24+00:00
/oikcom/wordpress-plugins-from-oik-plugins/wordpress-plugins/oik-nivo-slider/responsive-nivo-slider/,,2.424171,5.5.18,1402,4254,300,37,424,58,28,14,103,,,,fe80::14f0:845:ee8a:2657,2.424071,2015-12-30T12:05:26+00:00
/oikcom/wordpress-plugins-from-oik-plugins/wordpress-plugins/oik-nivo-slider/oik-nivo-slider-themes/,,2.572789,5.5.18,1402,4269,301,37,427,58,28,14,105,,,,fe80::14f0:845:ee8a:2657,2.572691,2015-12-30T12:05:29+00:00
/oikcom/oik_api/oik_require/,,3.799162,5.5.18,1402,4114,299,37,414,58,28,14,77,,,,fe80::14f0:845:ee8a:2657,3.799069,2015-12-30T12:05:33+00:00
/oikcom/oik_pluginversion/oik-user-v0-5-1/,,2.780774,5.5.18,1402,4098,300,37,418,58,28,14,76,,,,fe80::14f0:845:ee8a:2657,2.780642,2015-12-30T12:05:36+00:00
/oikcom/oik_api/stag/,,5.040446,5.5.18,1402,4114,299,37,414,58,28,14,86,,,,fe80::14f0:845:ee8a:2657,5.040305,2015-12-30T12:05:41+00:00
/oikcom/wordpress-plugins-from-oik-plugins/wordpress-plugins/oik-nivo-slider/oik-nivo-slider-faq/oik-nivo-slider-thumbnail-parameter/images-attached-to-related-pages/child-page-2-for-nivo-thumbnail-parameter-example/,,2.886444,5.5.18,1402,4138,300,37,420,58,28,14,110,,,,fe80::14f0:845:ee8a:2657,2.886345,2015-12-30T12:05:44+00:00
/oikcom/wordpress-plugins-from-oik-plugins/oik-weightcountry-shipping-faqs/,,2.858139,5.5.18,1402,4149,300,37,421,58,28,14,107,,,,fe80::14f0:845:ee8a:2657,2.858040,2015-12-30T12:05:47+00:00
/oikcom/oik_pluginversion/oik-window-width-v0-1-1/,,2.366566,5.5.18,1402,4094,300,37,417,58,28,14,73,,,,fe80::14f0:845:ee8a:2657,2.366466,2015-12-30T12:05:50+00:00
/oikcom/oik_api/bw_backtrace/,,3.187086,5.5.18,1402,4114,299,37,414,58,28,14,74,,,,fe80::14f0:845:ee8a:2657,3.186992,2015-12-30T12:05:53+00:00
/oikcom/apis/plugins/shortcodes-and-apis/,,3.303675,5.5.18,1402,3983,295,37,409,58,28,14,121,,,,fe80::14f0:845:ee8a:2657,3.303580,2015-12-30T12:05:57+00:00
/oikcom/oik-plugins/oik-libs-shared-library-repository/,,2.536961,5.5.18,1402,4106,300,37,418,58,28,14,63,,,,fe80::14f0:845:ee8a:2657,2.536862,2015-12-30T12:05:59+00:00
/oikcom/author/vsgloik/,,2.902498,5.5.18,1402,3952,295,37,406,58,28,14,84,,,,fe80::14f0:845:ee8a:2657,2.902284,2015-12-30T12:06:02+00:00
/oikcom/privacy-policy/,,1.323724,5.5.18,1402,3736,293,37,374,58,28,14,16,,,,fe80::14f0:845:ee8a:2657,1.323603,2015-12-30T12:06:04+00:00
/oikcom/support/privacy-policy/,,2.206151,5.5.18,1402,3931,295,37,405,58,28,14,57,,,,fe80::14f0:845:ee8a:2657,2.206055,2015-12-30T12:06:06+00:00
/oikcom/oik/oik-donate/,,2.499691,5.5.18,1402,4131,300,37,422,58,28,14,79,,,,fe80::14f0:845:ee8a:2657,2.499595,2015-12-30T12:06:09+00:00
/oikcom/oik,,1.378866,5.5.18,1402,3736,293,37,374,58,28,14,14,,,,fe80::14f0:845:ee8a:2657,1.378752,2015-12-30T12:06:10+00:00
/oikcom/oik/,,3.268898,5.5.18,1402,4277,300,37,428,58,28,14,121,,,,fe80::14f0:845:ee8a:2657,3.268802,2015-12-30T12:06:14+00:00
/oikcom/downloads/oik-popup-time-delayed-slide-content/,,2.409524,5.5.18,1402,4100,295,37,412,58,28,14,62,,,,fe80::14f0:845:ee8a:2657,2.409426,2015-12-30T12:06:16+00:00
/oikcom/oik_api/alink/,,5.511843,5.5.18,1402,4089,299,37,409,58,28,14,90,,,,fe80::14f0:845:ee8a:2657,5.511752,2015-12-30T12:06:22+00:00
/oikcom/oik_api/add_action/,,4.947670,5.5.18,1402,4160,299,37,416,58,28,14,127,,,,fe80::14f0:845:ee8a:2657,4.947577,2015-12-30T12:06:26+00:00
/oikcom/apis/oik-batch-apis/,,3.066703,5.5.18,1402,4205,300,37,427,58,28,14,91,,,,fe80::14f0:845:ee8a:2657,3.066607,2015-12-30T12:06:29+00:00
/oikcom/shortcode_example/most-recent-work/,,2.884907,5.5.18,1402,4214,301,37,425,58,28,14,66,,,,fe80::14f0:845:ee8a:2657,2.884815,2015-12-30T12:06:32+00:00
/oikcom/wordpress-plugins-from-oik-plugins/oik-base-plugin/oik-jquery-library/jquery-fancybox/jquery-fancybox-with-gallery-shortcode/,,2.947839,5.5.18,1402,4257,300,37,426,58,28,14,115,,,,fe80::14f0:845:ee8a:2657,2.947726,2015-12-30T12:06:35+00:00
/oikcom/wordpress-plugins-from-oik-plugins/wordpress-plugins/oik-nivo-slider/oik-nivo-slider-themes/oik-nivo-slider-theme-bar/,,2.849350,5.5.18,1402,4171,300,37,423,58,28,14,117,,,,fe80::14f0:845:ee8a:2657,2.849253,2015-12-30T12:06:38+00:00
/oikcom/comments/feed/,,1.859335,5.5.18,1402,3799,293,37,379,58,28,14,32,,,,fe80::14f0:845:ee8a:2657,1.859224,2015-12-30T12:06:40+00:00
/oikcom/wordpress-plugins-from-oik-plugins/wordpress-plugins/uk-tides/,,2.734727,5.5.18,1402,4258,300,37,427,58,28,14,100,,,,fe80::14f0:845:ee8a:2657,2.734629,2015-12-30T12:06:43+00:00
/oikcom/tutorials/recover-from-a-wordpress-fatal-error-using-your-sites-control-panel-cpanel/,,2.081085,5.5.18,1402,3909,293,37,400,58,28,14,48,,,,fe80::14f0:845:ee8a:2657,2.080983,2015-12-30T12:06:46+00:00
/oikcom/wordpress-plugins-from-oik-plugins/wordpress-plugins/oik-nivo-slider/nivo-settings/nivo-slider-transition-effects/nivo-slider-effectslicedownright/,,3.497048,5.5.18,1402,4161,300,37,421,58,28,14,214,,,,fe80::14f0:845:ee8a:2657,3.496951,2015-12-30T12:06:49+00:00
/oikcom/wordpress-plugins-from-oik-plugins/oik-base-plugin-2/,,2.323812,5.5.18,1402,3909,293,37,400,58,28,14,48,,,,fe80::14f0:845:ee8a:2657,2.323706,2015-12-30T12:06:52+00:00
/oikcom/wordpress-plugins-from-oik-plugins/wordpress-plugins/oik-nivo-slider/jquery-nivo-version-3-1/,,3.027184,5.5.18,1402,4182,300,37,423,58,28,14,104,,,,fe80::14f0:845:ee8a:2657,3.027087,2015-12-30T12:06:55+00:00
/oikcom//wp-admin/admin-ajax.php,,1.789399,5.5.18,1402,3923,314,37,426,58,28,14,18,,,,fe80::14f0:845:ee8a:2657,1.789296,2015-12-30T12:06:57+00:00
/oikcom/wp-admin/admin-ajax.php,heartbeat,2.267893,5.5.18,1402,4374,326,37,457,58,28,14,27,,,,192.168.1.6,2.267792,2015-12-30T12:06:59+00:00
/oikcom/oik/oik-svn/,,2.983126,5.5.18,1402,4161,300,37,423,58,28,14,91,,,,fe80::14f0:845:ee8a:2657,2.983017,2015-12-30T12:07:00+00:00
/oikcom/oik_shortcodes/bw_codes/,,5.186084,5.5.18,1402,4901,300,37,500,58,28,14,69,,,,fe80::14f0:845:ee8a:2657,5.185901,2015-12-30T12:07:05+00:00
/oikcom/oik_api/bw_trace/,,3.554464,5.5.18,1402,4114,299,37,414,58,28,14,74,,,,fe80::14f0:845:ee8a:2657,3.554371,2015-12-30T12:07:09+00:00
/oikcom/oik-weightcountry-shipping-basic-user-guide/,,2.888211,5.5.18,1402,4167,300,37,424,58,28,14,83,,,,fe80::14f0:845:ee8a:2657,2.888110,2015-12-30T12:07:12+00:00
/oikcom/examples/how-to-create-a-contact-page-using-oik-and-jetpack/jetpack-contact-field-shortcode-country-select-list/,,2.914267,5.5.18,1402,4165,301,37,423,58,28,14,81,,,,fe80::14f0:845:ee8a:2657,2.914165,2015-12-30T12:07:15+00:00
/oikcom/2012/08/oik-nivo-slider-thumbnail-parameter-examples/,,2.672468,5.5.18,1402,4002,295,37,409,58,28,14,64,,,,fe80::14f0:845:ee8a:2657,2.671644,2015-12-30T12:07:18+00:00
/oikcom/oik_premiumversion/oik-plugins-v1-15-4/,,2.502528,5.5.18,1402,4181,300,37,419,58,28,14,73,,,,fe80::14f0:845:ee8a:2657,2.502423,2015-12-30T12:07:20+00:00
/oikcom/shortcodes/wp-admin/admin-ajax.php,,2.207348,5.5.18,1402,3909,293,37,400,58,28,14,48,,,,fe80::14f0:845:ee8a:2657,2.207242,2015-12-30T12:07:23+00:00
/oikcom/wp-content/themes/genesis-oik/images/ui-bg_glass_75_dadada_1x400.png,,2.263232,5.5.18,1402,3909,293,37,400,58,28,14,48,,,,fe80::14f0:845:ee8a:2657,2.263083,2015-12-30T12:07:25+00:00
/oikcom/oik/oik-installation/,,2.782392,5.5.18,1402,4128,300,37,420,58,28,14,79,,,,fe80::14f0:845:ee8a:2657,2.782297,2015-12-30T12:07:28+00:00
/oikcom/wordpress-plugins-from-oik-plugins/wordpress-plugins/oik-nivo-slider/oik-nivo-slider-themes/oik-nivo-slider-theme-light/,,3.220563,5.5.18,1402,4185,300,37,425,58,28,14,117,,,,fe80::14f0:845:ee8a:2657,3.220407,2015-12-30T12:07:31+00:00
/oikcom/oik-faq/fix-shipping-methods-found-message/,,2.605836,5.5.18,1402,3975,295,37,408,58,28,14,57,,,,fe80::14f0:845:ee8a:2657,2.605738,2015-12-30T12:07:34+00:00
/oikcom/apis/plugins/files-plugin/,,3.775058,5.5.18,1402,4149,300,37,423,58,28,14,120,,,,fe80::14f0:845:ee8a:2657,3.774936,2015-12-30T12:07:38+00:00
/oikcom/oik_api/bw_file_to_url/,,4.774084,5.5.18,1402,4114,299,37,414,58,28,14,80,,,,fe80::14f0:845:ee8a:2657,4.773987,2015-12-30T12:07:43+00:00
/oikcom/tutorials/oik-privacy-policy-and-cookie-cat-tutorial/,,2.656701,5.5.18,1402,3927,295,37,403,58,28,14,59,,,,fe80::14f0:845:ee8a:2657,2.656576,2015-12-30T12:07:46+00:00
/oikcom/oik_api/oik_cpt_edit_type_fields/,,7.350865,5.5.18,1402,4091,299,37,411,58,28,14,106,,,,fe80::14f0:845:ee8a:2657,7.350716,2015-12-30T12:07:53+00:00
/oikcom/oik_pluginversion/oik-ms-v0-2-1/,,2.581419,5.5.18,1402,4181,300,37,419,58,28,14,73,,,,fe80::14f0:845:ee8a:2657,2.581298,2015-12-30T12:07:54+00:00
/oikcom/oik_shortcodes/bw_accordion/,,2.738499,5.5.18,1402,4186,300,37,420,58,28,14,77,,,,fe80::14f0:845:ee8a:2657,2.737655,2015-12-30T12:07:56+00:00
/oikcom/wp-admin/admin-ajax.php,heartbeat,2.316770,5.5.18,1402,4374,326,37,457,58,28,14,18,,,,192.168.1.6,2.316670,2015-12-30T12:07:59+00:00
/oikcom/oik_shortcodes/bw_users/,,3.373611,5.5.18,1402,4172,300,37,420,58,28,14,72,,,,fe80::14f0:845:ee8a:2657,3.373499,2015-12-30T12:08:00+00:00
/oikcom/wordpress-plugins-from-oik-plugins/wordpress-plugins/oik-nivo-slider/oik-nivo-slider/,,3.416408,5.5.18,1402,4186,300,37,424,58,28,14,176,,,,fe80::14f0:845:ee8a:2657,3.416308,2015-12-30T12:08:04+00:00
/oikcom/wordpress-plugins-from-oik-plugins/free-oik-plugins/oik-trace-plugin/,,5.249417,5.5.18,1402,4279,300,37,426,58,28,14,149,,,,fe80::14f0:845:ee8a:2657,5.249293,2015-12-30T12:08:09+00:00
/oikcom/wordpress-plugins-from-oik-plugins/wordpress-plugins/oik-nivo-slider/responsive-nivo-slider/responsive-nivo-slider-captions/,,3.744951,5.5.18,1402,4278,301,37,428,58,28,14,124,,,,fe80::14f0:845:ee8a:2657,3.744821,2015-12-30T12:08:13+00:00
/oikcom/oik/oik-changelog/,,2.614093,5.5.18,1402,3987,295,37,409,58,28,14,62,,,,fe80::14f0:845:ee8a:2657,2.613983,2015-12-30T12:08:20+00:00
/oikcom/wordpress-plugins-from-oik-plugins/wordpress-plugins/oik-nivo-slider/getting-started-with-oik-nivo-slider/,,3.437047,5.5.18,1402,4219,300,37,423,58,28,14,155,,,,fe80::14f0:845:ee8a:2657,3.436935,2015-12-30T12:08:24+00:00
/oikcom/oik_shortcodes/bw_block/,,2.984096,5.5.18,1402,4169,300,37,420,58,28,14,71,,,,fe80::14f0:845:ee8a:2657,2.983995,2015-12-30T12:08:27+00:00
/oikcom/oik_api/bw_get_posts/,,14.631132,5.5.18,1402,4027,299,37,400,58,28,14,129,,,,fe80::14f0:845:ee8a:2657,14.631022,2015-12-30T12:08:27+00:00
/oikcom/tutorials/recover-from-a-wordpress-fatal-error-using-your-wesites-control-panel-cpanel/,,3.015573,5.5.18,1402,4132,300,37,420,58,28,14,73,,,,fe80::14f0:845:ee8a:2657,3.015460,2015-12-30T12:08:30+00:00
/oikcom/2014/03/weight-country-shipping-woocommerce-extension-plugin/,,3.294736,5.5.18,1402,4071,295,37,408,58,28,14,71,,,,fe80::14f0:845:ee8a:2657,3.294635,2015-12-30T12:08:34+00:00
/oikcom/wordpress-plugins-from-oik-plugins/wordpress-plugins/oik-nivo-slider/oik-nivo-slider-themes/oik-nivo-slider-theme-orman/,,3.216707,5.5.18,1402,4186,301,37,426,58,28,14,118,,,,fe80::14f0:845:ee8a:2657,3.216573,2015-12-30T12:08:37+00:00
/oikcom/2015/10/total-downloads-from-wordpress-org-recently-passed-250000/,,3.028649,5.5.18,1402,4138,300,37,422,58,28,14,74,,,,fe80::14f0:845:ee8a:2657,3.028546,2015-12-30T12:08:40+00:00
/oikcom/wordpress-plugins-from-oik-plugins/wordpress-plugins/oik-nivo-slider/,,3.823502,5.5.18,1402,4199,300,37,424,58,28,14,152,,,,fe80::14f0:845:ee8a:2657,3.823368,2015-12-30T12:08:44+00:00
/oikcom/oik_shortcodes/bw_contact_form/,,2.676721,5.5.18,1402,4164,300,37,419,58,28,14,70,,,,fe80::14f0:845:ee8a:2657,2.676606,2015-12-30T12:08:47+00:00
/oikcom/apis/oik-plugins-apis/,,3.436000,5.5.18,1402,4205,300,37,427,58,28,14,88,,,,fe80::14f0:845:ee8a:2657,3.435899,2015-12-30T12:08:51+00:00
/oikcom/wordpress-plugins-from-oik-plugins/wordpress-plugins/bbboing/,,3.005571,5.5.18,1402,4238,300,37,425,58,28,14,89,,,,fe80::14f0:845:ee8a:2657,3.005445,2015-12-30T12:08:54+00:00
/oikcom/shortcode_example/bw_directions-shortcode-to-get-google-directions/,,2.722886,5.5.18,1402,4177,301,37,422,58,28,14,65,,,,fe80::14f0:845:ee8a:2657,2.722769,2015-12-30T12:08:57+00:00
/oikcom/getting-started-with-oik-plugins/,,1.722356,5.5.18,1402,3736,293,37,374,58,28,14,16,,,,fe80::14f0:845:ee8a:2657,1.722231,2015-12-30T12:08:59+00:00
/oikcom/wp-admin/admin-ajax.php,heartbeat,2.383401,5.5.18,1402,4374,326,37,457,58,28,14,18,,,,192.168.1.6,2.383311,2015-12-30T12:08:59+00:00
/oikcom/examples/getting-started-with-oik-plugins/,,2.441332,5.5.18,1402,3923,295,37,403,58,28,14,59,,,,fe80::14f0:845:ee8a:2657,2.441224,2015-12-30T12:09:01+00:00
/oikcom/wordpress-plugins-from-oik-plugins/wordpress-plugins/oik-nivo-slider/oik-nivo-slider-faq/displaying-a-news-slider/,,3.406623,5.5.18,1402,4298,301,37,432,58,28,14,139,,,,fe80::14f0:845:ee8a:2657,3.406528,2015-12-30T12:09:05+00:00
/oikcom/downloads/blogger-to-wordpress-redirection/,,2.521217,5.5.18,1402,3993,295,37,408,58,28,14,65,,,,fe80::14f0:845:ee8a:2657,2.521081,2015-12-30T12:09:08+00:00
/oikcom/2015/11/black-friday-cyber-monday/,,2.178393,5.5.18,1402,3938,295,37,404,58,28,14,59,,,,fe80::14f0:845:ee8a:2657,2.178277,2015-12-30T12:09:10+00:00
/oikcom/wordpress-plugins-from-oik-plugins/oik-base-plugin/oik-options/oik-options-overview/oik-options-overview-shortcode-options/,,2.776339,5.5.18,1402,4157,300,37,422,58,28,14,104,,,,fe80::14f0:845:ee8a:2657,2.776242,2015-12-30T12:09:13+00:00
/oikcom/oik_shortcodes/bw_cycle/,,3.199507,5.5.18,1402,4259,301,37,428,58,28,14,113,,,,fe80::14f0:845:ee8a:2657,3.199403,2015-12-30T12:09:16+00:00
/oikcom/wordpress-plugins-from-oik-plugins/oik-base-plugin/oik-jquery-library/jquery-fancybox/jquery-fancybox-with-hand-crafted-html/,,3.241624,5.5.18,1402,4257,300,37,426,58,28,14,111,,,,fe80::14f0:845:ee8a:2657,3.241502,2015-12-30T12:09:20+00:00
/oikcom/mad-mimi-landing/,,3.308002,5.5.18,1402,4130,300,37,421,58,28,14,99,,,,fe80::14f0:845:ee8a:2657,3.307903,2015-12-30T12:09:23+00:00
/oikcom/wordpress-plugins-from-oik-plugins/wordpress-plugins/oik-nivo-slider/nivo-settings/nivo-thumbs-parameter-for-thumbnail-navigation/,,3.210271,5.5.18,1402,4176,300,37,422,58,28,14,120,,,,fe80::14f0:845:ee8a:2657,3.209660,2015-12-30T12:09:26+00:00
/oikcom/apis/cookie-cat-apis/,,3.026991,5.5.18,1402,4217,300,37,427,58,28,14,89,,,,fe80::14f0:845:ee8a:2657,3.026899,2015-12-30T12:09:30+00:00
/oikcom/oik_hook/bw_jquery_script_url/,,2.275364,5.5.18,1402,3984,295,37,408,58,28,14,61,,,,fe80::14f0:845:ee8a:2657,2.275267,2015-12-30T12:09:32+00:00
/oikcom/oik_pluginversion/oik-v2-4/,,3.233612,5.5.18,1402,4336,300,37,424,58,28,14,89,,,,fe80::14f0:845:ee8a:2657,3.233491,2015-12-30T12:09:35+00:00
/oikcom/shortcode_example/bw_list-shortcode-list-posts-multiple-post-types/,,2.670364,5.5.18,1402,4179,301,37,422,58,28,14,63,,,,fe80::14f0:845:ee8a:2657,2.670250,2015-12-30T12:09:38+00:00
/oikcom/wordpress-plugins-from-oik-plugins/wordpress-plugins/oik-nivo-slider/oik-nivo-slider-themes/oik-nivo-slider-theme-dark/,,2.955180,5.5.18,1402,4167,300,37,422,58,28,14,106,,,,fe80::14f0:845:ee8a:2657,2.955070,2015-12-30T12:09:41+00:00
/oikcom/oik_hook/deprecated_constructor_trigger_error/,,2.730795,5.5.18,1402,3984,295,37,408,58,28,14,56,,,,fe80::14f0:845:ee8a:2657,2.730628,2015-12-30T12:09:44+00:00
/oikcom/oik_api/retlink/,,6.056446,5.5.18,1402,4089,299,37,409,58,28,14,94,,,,fe80::14f0:845:ee8a:2657,6.056352,2015-12-30T12:09:50+00:00
/oikcom/apis/oik-themes-apis/,,3.687998,5.5.18,1402,4156,300,37,421,58,28,14,83,,,,fe80::14f0:845:ee8a:2657,3.687885,2015-12-30T12:09:53+00:00
/oikcom/wordpress-plugins-from-oik-plugins/oik-base-plugin/oik-options/oik-options-plugins/oik-options-plugins-add-plugin/,,2.774389,5.5.18,1402,4153,300,37,421,58,28,14,101,,,,fe80::14f0:845:ee8a:2657,2.774262,2015-12-30T12:09:56+00:00
/oikcom/wp-admin/admin-ajax.php,heartbeat,1.977856,5.5.18,1402,4365,326,37,456,58,28,14,18,,,,192.168.1.6,1.977754,2015-12-30T12:09:59+00:00
/oikcom/wordpress-plugins-from-oik-plugins/oik-base-plugin/oik-options/oik-options-buttons/oik-paypal/,,2.972076,5.5.18,1402,4252,300,37,425,58,28,14,98,,,,fe80::14f0:845:ee8a:2657,2.971978,2015-12-30T12:09:59+00:00
/oikcom/wordpress-plugins-from-oik-plugins/wordpress-plugins/oik-nivo-slider/oik-nivo-slider-faq/styling-the-oik-nivo-slider-caption/,,3.133431,5.5.18,1402,4284,301,37,430,58,28,14,123,,,,fe80::14f0:845:ee8a:2657,3.133332,2015-12-30T12:10:02+00:00
/oikcom/oik-themes/artisteer-template/,,2.605579,5.5.18,1402,4134,300,37,420,58,28,14,74,,,,fe80::14f0:845:ee8a:2657,2.605483,2015-12-30T12:10:05+00:00
/oikcom/wordpress-plugins-from-oik-plugins/wordpress-plugins/oik-nivo-slider/oik-nivo-slider-themes/oik-nivo-slider-theme-default/,,2.771121,5.5.18,1402,4186,301,37,426,58,28,14,117,,,,fe80::14f0:845:ee8a:2657,2.770957,2015-12-30T12:10:08+00:00
/oikcom/oik_shortcodes/bw_new/index.php,,1.444593,5.5.18,1402,3736,293,37,374,58,28,14,14,,,,fe80::14f0:845:ee8a:2657,1.444483,2015-12-30T12:10:10+00:00
/oikcom/oik_shortcodes/bw_new/,,2.242644,5.5.18,1402,4206,300,37,421,58,28,14,70,,,,fe80::14f0:845:ee8a:2657,2.242547,2015-12-30T12:10:12+00:00
/oikcom/wordpress-plugins-from-oik-plugins/oik-base-plugin/oik-jquery-library/jquery-cycle-all-library/,,2.580553,5.5.18,1402,4261,300,37,426,58,28,14,106,,,,fe80::14f0:845:ee8a:2657,2.580457,2015-12-30T12:10:15+00:00
/oikcom/shortcode_example/bw_codes-ordered-shortcode-name/,,4.449926,5.5.18,1402,4902,301,37,501,58,28,14,58,,,,fe80::14f0:845:ee8a:2657,4.449829,2015-12-30T12:10:19+00:00
/oikcom/oik_api/isubmit/,,3.071877,5.5.18,1402,4114,299,37,414,58,28,14,74,,,,fe80::14f0:845:ee8a:2657,3.071778,2015-12-30T12:10:23+00:00
/oikcom/author/bobbingwide/,,2.342649,5.5.18,1402,3954,295,37,404,58,28,14,78,,,,fe80::14f0:845:ee8a:2657,2.342555,2015-12-30T12:10:25+00:00
/oikcom/wordpress-plugins-from-oik-plugins/oik-base-plugin/oik-options/oik-options-buttons/,,2.557497,5.5.18,1402,4197,300,37,425,58,28,14,115,,,,fe80::14f0:845:ee8a:2657,2.557401,2015-12-30T12:10:28+00:00
/oikcom/apis/oik-privacy-policy-apis/,,3.210080,5.5.18,1402,4201,300,37,426,58,28,14,96,,,,fe80::14f0:845:ee8a:2657,3.209989,2015-12-30T12:10:31+00:00
/oikcom/examples/example-bw_table-to-tabulate-all-oik-plugins/,,2.448015,5.5.18,1402,4140,300,37,423,58,28,14,84,,,,fe80::14f0:845:ee8a:2657,2.447919,2015-12-30T12:10:34+00:00
/oikcom/wordpress-plugins-from-oik-plugins/wordpress-plugins/oik-nivo-slider/oik-nivo-slider-faq/nivo-slider-is-wider-than-my-images/,,2.611422,5.5.18,1402,4199,301,37,427,58,28,14,107,,,,fe80::14f0:845:ee8a:2657,2.611327,2015-12-30T12:10:36+00:00
/oikcom/wordpress-plugins-from-oik-plugins/free-oik-plugins/oik-email-signature-email-signature-generator/,,2.341657,5.5.18,1402,4122,300,37,419,58,28,14,99,,,,fe80::14f0:845:ee8a:2657,2.341558,2015-12-30T12:10:39+00:00
/oikcom/oik_pluginversion/oik-v2-5-alpha-0130/,,2.239020,5.5.18,1402,4191,300,37,419,58,28,14,81,,,,fe80::14f0:845:ee8a:2657,2.238926,2015-12-30T12:10:41+00:00
/oikcom/tutorials/oik-plugins-an-introduction/,,2.272751,5.5.18,1402,4211,300,37,422,58,28,14,73,,,,fe80::14f0:845:ee8a:2657,2.272657,2015-12-30T12:10:44+00:00
/oikcom/wordpress-plugins-from-oik-plugins/oik-base-plugin/oik-jquery-library/jquery-fancybox/jquery-fancybox-with-bw_images-and-bw_thumbs/,,2.538743,5.5.18,1402,4277,300,37,428,58,28,14,117,,,,fe80::14f0:845:ee8a:2657,2.538648,2015-12-30T12:10:46+00:00
/oikcom/wordpress-plugins-from-oik-plugins/oik-base-plugin/15079-2/,,2.367892,5.5.18,1402,4213,300,37,422,58,28,14,90,,,,fe80::14f0:845:ee8a:2657,2.367793,2015-12-30T12:10:49+00:00
/oikcom/wordpress-plugins-from-oik-plugins/oik-base-plugin/oik-options/oik-options-buttons/oik-shortcodes-button/,,2.480545,5.5.18,1402,4165,300,37,423,58,28,14,99,,,,fe80::14f0:845:ee8a:2657,2.480448,2015-12-30T12:10:51+00:00
/oikcom/oik_api/bw_flush/,,3.351074,5.5.18,1402,4114,299,37,414,58,28,14,72,,,,fe80::14f0:845:ee8a:2657,3.350981,2015-12-30T12:10:55+00:00
/oikcom/wordpress-plugins-from-oik-plugins/oik-base-plugin/oik-options/oik-options-shortcode-help/,,2.584870,5.5.18,1402,4240,300,37,423,58,28,14,98,,,,fe80::14f0:845:ee8a:2657,2.584758,2015-12-30T12:10:58+00:00
/oikcom/wp-admin/admin-ajax.php,heartbeat,1.750257,5.5.18,1402,4374,326,37,457,58,28,14,18,,,,192.168.1.6,1.750175,2015-12-30T12:10:58+00:00
/oikcom/wordpress-plugins-from-oik-plugins/oik-base-plugin/oik-jquery-library/,,2.562798,5.5.18,1402,4213,300,37,422,58,28,14,102,,,,fe80::14f0:845:ee8a:2657,2.562702,2015-12-30T12:11:00+00:00
/oikcom/apis/bbboing-apis/,,2.688910,5.5.18,1402,4217,300,37,427,58,28,14,89,,,,fe80::14f0:845:ee8a:2657,2.688819,2015-12-30T12:11:03+00:00
/oikcom/examples/email-signature-using-oik/,,2.369162,5.5.18,1402,4147,300,37,423,58,28,14,72,,,,fe80::14f0:845:ee8a:2657,2.369061,2015-12-30T12:11:06+00:00
/oikcom/wordpress-plugins-from-oik-plugins/free-oik-plugins/oik-trace-plugin/oik-bwtrace-modifications-to-wp-includesplugin-php/,,2.368457,5.5.18,1402,4128,300,37,420,58,28,14,94,,,,fe80::14f0:845:ee8a:2657,2.368363,2015-12-30T12:11:08+00:00
/oikcom/wordpress-plugins-from-oik-plugins/oik-base-plugin/oik-options/oik-options-buttons/oik-shortcodes-quicktag/,,2.446671,5.5.18,1402,4157,300,37,422,58,28,14,99,,,,fe80::14f0:845:ee8a:2657,2.446574,2015-12-30T12:11:11+00:00
/oikcom/wp-admin/admin-ajax.php,heartbeat,1.549044,5.5.18,1402,4374,326,37,457,58,28,14,18,,,,192.168.1.6,1.548964,2015-12-30T12:11:59+00:00
