/oikcom/oik-plugins/oik/,,5.658409,5.5.18,1402,4298,300,37,430,58,28,14,90,,,,fe80::14f0:845:ee8a:2657,5.658296,2015-12-30T12:15:34+00:00
/oikcom/wp-login.php,,1.227471,5.5.18,1402,3748,293,37,373,58,28,14,10,,,,fe80::14f0:845:ee8a:2657,1.227378,2015-12-30T12:15:35+00:00
/oikcom/,,2.118735,5.5.18,1402,3955,295,37,405,58,28,14,64,,,,fe80::14f0:845:ee8a:2657,2.118641,2015-12-30T12:15:37+00:00
/oikcom/plugins/info/,,1.160839,5.5.18,1402,3820,293,37,377,58,28,14,11,,,,fe80::14f0:845:ee8a:2657,1.160758,2015-12-30T12:15:38+00:00
/oikcom/feed/,,2.017578,5.5.18,1402,3787,293,37,376,58,28,14,19,,,,fe80::14f0:845:ee8a:2657,2.017483,2015-12-30T12:15:41+00:00
/oikcom/apis/oik-apis/,,1.866674,5.5.18,1402,3965,295,37,405,58,28,14,62,,,,fe80::14f0:845:ee8a:2657,1.866580,2015-12-30T12:15:43+00:00
/oikcom/wp-cron.php,,1.034905,5.5.18,1402,3737,293,37,372,58,28,14,10,,,,fe80::14f0:845:ee8a:2657,1.034793,2015-12-30T12:15:44+00:00
/oikcom/oik_todo/create-date-history-shortcode/,,1.963243,5.5.18,1402,4095,296,37,412,58,28,14,69,,,,fe80::14f0:845:ee8a:2657,1.963148,2015-12-30T12:15:46+00:00
/oikcom//plugins/info/,,1.120697,5.5.18,1402,3736,293,37,374,58,28,14,11,,,,fe80::14f0:845:ee8a:2657,1.120591,2015-12-30T12:15:47+00:00
/oikcom/plugins/info/,,1.162131,5.5.18,1402,3820,293,37,377,58,28,14,11,,,,fe80::14f0:845:ee8a:2657,1.162051,2015-12-30T12:15:48+00:00
/oikcom/plugins/check-these/,,1.162830,5.5.18,1402,3819,293,37,376,58,28,14,11,,,,fe80::14f0:845:ee8a:2657,1.162749,2015-12-30T12:15:50+00:00
/oikcom/plugins/download,,1.153612,5.5.18,1402,3736,293,37,374,58,28,14,11,,,,fe80::14f0:845:ee8a:2657,1.153506,2015-12-30T12:15:51+00:00
/oikcom/plugins/download/,,1.164004,5.5.18,1402,3820,293,37,377,58,28,14,11,,,,fe80::14f0:845:ee8a:2657,1.163924,2015-12-30T12:15:52+00:00
/oikcom/oik-plugins/oik-shortcode-server/,,2.350142,5.5.18,1402,4234,300,37,423,58,28,14,78,,,,fe80::14f0:845:ee8a:2657,2.350045,2015-12-30T12:15:55+00:00
/oikcom/plugins/download/,,1.172131,5.5.18,1402,3820,293,37,377,58,28,14,11,,,,fe80::14f0:845:ee8a:2657,1.172051,2015-12-30T12:15:56+00:00
/oikcom/plugins/update-check/,,1.173047,5.5.18,1402,3820,293,37,377,58,28,14,11,,,,fe80::14f0:845:ee8a:2657,1.172965,2015-12-30T12:15:57+00:00
/oikcom/wordpress-plugins-from-oik-plugins/,,2.738886,5.5.18,1402,4189,300,37,427,58,28,14,128,,,,fe80::14f0:845:ee8a:2657,2.738788,2015-12-30T12:16:00+00:00
/oikcom/shortcodes/,,2.923616,5.5.18,1402,4173,300,37,426,58,28,14,110,,,,fe80::14f0:845:ee8a:2657,2.923521,2015-12-30T12:16:03+00:00
/oikcom/wp-json/oembed/1.0/embed,,1.101159,5.5.18,1402,3736,293,37,373,58,28,14,10,,,,fe80::14f0:845:ee8a:2657,1.101062,2015-12-30T12:16:04+00:00
/oikcom/oik-plugins/oik-bwtrace-debug-trace-for-wordpress/,,3.403323,5.5.18,1402,4237,300,37,422,58,28,14,112,,,,fe80::14f0:845:ee8a:2657,3.403228,2015-12-30T12:16:08+00:00
/oikcom/oik_todo/create-date-history-shortcode/,,1.951269,5.5.18,1402,4095,296,37,412,58,28,14,69,,,,fe80::14f0:845:ee8a:2657,1.951172,2015-12-30T12:16:10+00:00
/oikcom/apis/oik-shortcodes-apis/,,2.535686,5.5.18,1402,4201,300,37,426,58,28,14,96,,,,fe80::14f0:845:ee8a:2657,2.535594,2015-12-30T12:16:13+00:00
/oikcom/oik-plugins/oik-weightcountry-shipping-pro/,,2.299304,5.5.18,1402,4115,300,37,419,58,28,14,66,,,,fe80::14f0:845:ee8a:2657,2.299208,2015-12-30T12:16:15+00:00
/oikcom/xmlrpc.php,,1.151932,5.5.18,1402,4113,310,37,398,58,28,14,10,,,,fe80::14f0:845:ee8a:2657,1.151857,2015-12-30T12:16:16+00:00
/oikcom/oik-plugins/oik-clone-clone-your-wordpress-content/,,2.224199,5.5.18,1402,4247,300,37,424,58,28,14,77,,,,fe80::14f0:845:ee8a:2657,2.224104,2015-12-30T12:16:19+00:00
/oikcom/oik-plugins/oik-nivo-slider-jquery-nivo-slider/,,2.448326,5.5.18,1402,4160,300,37,421,58,28,14,123,,,,fe80::14f0:845:ee8a:2657,2.448230,2015-12-30T12:16:21+00:00
/oikcom/2014/04/implement-missing-sociable-shortcode-functions-php/,,2.704236,5.5.18,1402,4210,296,37,412,58,28,14,80,,,,fe80::14f0:845:ee8a:2657,2.704139,2015-12-30T12:16:24+00:00
/oikcom/home/,,1.063145,5.5.18,1402,3736,293,37,374,58,28,14,15,,,,fe80::14f0:845:ee8a:2657,1.063040,2015-12-30T12:16:25+00:00
/oikcom/home-2/,,2.593894,5.5.18,1402,4040,295,37,413,58,28,14,109,,,,fe80::14f0:845:ee8a:2657,2.593804,2015-12-30T12:16:28+00:00
/oikcom/oik-plugins/oik-types/,,2.131573,5.5.18,1402,4134,300,37,419,58,28,14,67,,,,fe80::14f0:845:ee8a:2657,2.131479,2015-12-30T12:16:30+00:00
/oikcom/oik-plugins/oik-fields-custom-post-type-field-apis/,,2.182987,5.5.18,1402,4226,300,37,422,58,28,14,83,,,,fe80::14f0:845:ee8a:2657,2.182889,2015-12-30T12:16:32+00:00
/oikcom/2014/04/implement-missing-sociable-shortcode-functions-php/trackback/,,1.084964,5.5.18,1402,3788,293,37,376,58,28,14,14,,,,fe80::14f0:845:ee8a:2657,1.084855,2015-12-30T12:16:34+00:00
/oikcom/2014/04/implement-missing-sociable-shortcode-functions-php/,,2.706060,5.5.18,1402,4210,296,37,412,58,28,14,80,,,,fe80::14f0:845:ee8a:2657,2.705964,2015-12-30T12:16:36+00:00
/oikcom/oik-plugins/oik-weightcountry-shipping-woocommerce-extension/,,2.151035,5.5.18,1402,4115,300,37,419,58,28,14,65,,,,fe80::14f0:845:ee8a:2657,2.150937,2015-12-30T12:16:39+00:00
/oikcom/wordpress-plugins-from-oik-plugins/wordpress-plugins/oik-nivo-slider/oik-nivo-slider-faq/oik-custom-image-link-url/,,2.294933,5.5.18,1402,4277,300,37,426,58,28,14,101,,,,fe80::14f0:845:ee8a:2657,2.294836,2015-12-30T12:16:41+00:00
/oikcom/oik-plugins/uk-tides-times-and-heights/,,2.196409,5.5.18,1402,4148,300,37,423,58,28,14,78,,,,fe80::14f0:845:ee8a:2657,2.196314,2015-12-30T12:16:43+00:00
/oikcom/oik-plugins/privacy-policy-page-generator/,,2.138980,5.5.18,1402,4115,300,37,419,58,28,14,63,,,,fe80::14f0:845:ee8a:2657,2.138884,2015-12-30T12:16:46+00:00
/oikcom/2014/12/pagination-not-working-properly-wordpress-4-1/,,2.092528,5.5.18,1402,4005,295,37,408,58,28,14,78,,,,fe80::14f0:845:ee8a:2657,2.092427,2015-12-30T12:16:48+00:00
/oikcom/oik_api/bw_trace2/,,2.966404,5.5.18,1402,4114,299,37,414,58,28,14,74,,,,fe80::14f0:845:ee8a:2657,2.966313,2015-12-30T12:16:51+00:00
/oikcom/oik-plugins/oik-bob-bing-wide-more-lazy-smart-shortcodes/,,2.171225,5.5.18,1402,4193,300,37,420,58,28,14,64,,,,fe80::14f0:845:ee8a:2657,2.171128,2015-12-30T12:16:53+00:00
/oikcom/wordpress-plugins-from-oik-plugins/free-oik-plugins/,,2.974560,5.5.18,1402,4151,300,37,422,58,28,14,195,,,,fe80::14f0:845:ee8a:2657,2.974462,2015-12-30T12:16:56+00:00
/oikcom/contact/,,1.078532,5.5.18,1402,3736,293,37,374,58,28,14,16,,,,fe80::14f0:845:ee8a:2657,1.078425,2015-12-30T12:16:58+00:00
/oikcom/support/contact/,,1.981446,5.5.18,1402,3985,295,37,410,58,28,14,57,,,,fe80::14f0:845:ee8a:2657,1.981350,2015-12-30T12:17:00+00:00
/oikcom/oik-plugins/cookie-cat-tabulate-your-website-cookies/,,2.227418,5.5.18,1402,4139,300,37,420,58,28,14,67,,,,fe80::14f0:845:ee8a:2657,2.227324,2015-12-30T12:17:02+00:00
/oikcom/wordpress-plugins-from-oik-plugins/wordpress-plugins/oik-nivo-slider/nivo-settings/,,2.396919,5.5.18,1402,4174,301,37,425,58,28,14,96,,,,fe80::14f0:845:ee8a:2657,2.396825,2015-12-30T12:17:05+00:00
/oikcom/wordpress-plugins-from-oik-plugins/wordpress-plugins/,,2.429029,5.5.18,1402,4126,295,37,415,58,28,14,107,,,,fe80::14f0:845:ee8a:2657,2.428935,2015-12-30T12:17:07+00:00
/oikcom/wordpress-plugins-from-oik-plugins/wordpress-plugins/oik-nivo-slider/oik-nivo-slider-faq/controlling-the-height-of-the-nivo-slider/,,3.021691,5.5.18,1402,4331,301,37,431,58,28,14,138,,,,fe80::14f0:845:ee8a:2657,3.021596,2015-12-30T12:17:10+00:00
/oikcom/wordpress-plugins-from-oik-plugins/oik-base-plugin-2/oik-changelog/,,1.072708,5.5.18,1402,3736,293,37,374,58,28,14,16,,,,fe80::14f0:845:ee8a:2657,1.072601,2015-12-30T12:17:11+00:00
/oikcom/oik/oik-changelog/,,2.032327,5.5.18,1402,3987,295,37,409,58,28,14,62,,,,fe80::14f0:845:ee8a:2657,2.032236,2015-12-30T12:17:14+00:00
/oikcom/wp-content/themes/genesis-oik/images/ui-icons_454545_256x240.png,,1.850295,5.5.18,1402,3909,293,37,400,58,28,14,48,,,,fe80::14f0:845:ee8a:2657,1.850200,2015-12-30T12:17:16+00:00
/oikcom/oik-plugins/oik-batchmove/,,2.221990,5.5.18,1402,4109,300,37,419,58,28,14,65,,,,fe80::14f0:845:ee8a:2657,2.221897,2015-12-30T12:17:18+00:00
/oikcom/oik-plugins/oik-lib-shared-library-management/,,2.199721,5.5.18,1402,4106,300,37,418,58,28,14,65,,,,fe80::14f0:845:ee8a:2657,2.199628,2015-12-30T12:17:20+00:00
/oikcom/apis/plugins/action-filter-hooks/,,2.277546,5.5.18,1402,3979,295,37,408,58,28,14,68,,,,fe80::14f0:845:ee8a:2657,2.277452,2015-12-30T12:17:23+00:00
/oikcom/oik_file/feedoik-banner-feed-php/,,2.568868,5.5.18,1402,4100,298,37,414,58,28,14,62,,,,fe80::14f0:845:ee8a:2657,2.568771,2015-12-30T12:17:25+00:00
/oikcom/about-oik-plugins-lazy-smart-shortcodes/,,2.126495,5.5.18,1402,4229,300,37,425,58,28,14,71,,,,fe80::14f0:845:ee8a:2657,2.126398,2015-12-30T12:17:28+00:00
/oikcom/oik_api/bw_array_get/,,4.202332,5.5.18,1402,4114,299,37,414,58,28,14,83,,,,fe80::14f0:845:ee8a:2657,4.202241,2015-12-30T12:17:32+00:00
/oikcom/oik-plugins/external-link-warning-jquery/,,2.168732,5.5.18,1402,4128,300,37,418,58,28,14,69,,,,fe80::14f0:845:ee8a:2657,2.168633,2015-12-30T12:17:34+00:00
/oikcom/oik_api/e/,,3.487216,5.5.18,1402,4114,299,37,414,58,28,14,79,,,,fe80::14f0:845:ee8a:2657,3.487124,2015-12-30T12:17:38+00:00
/oikcom/2013/12/escaped-shortcodes-unexpectedly-expanded-get_the_excerpt/wp-admin/admin-ajax.php,,1.710925,5.5.18,1402,3909,293,37,400,58,28,14,48,,,,fe80::14f0:845:ee8a:2657,1.710829,2015-12-30T12:17:40+00:00
/oikcom/tutorials/,,2.481251,5.5.18,1402,4206,300,37,428,58,28,14,116,,,,fe80::14f0:845:ee8a:2657,2.481156,2015-12-30T12:17:42+00:00
/oikcom/oik_api/p/,,4.655345,5.5.18,1402,4114,299,37,414,58,28,14,92,,,,fe80::14f0:845:ee8a:2657,4.655254,2015-12-30T12:17:47+00:00
/oikcom/examples/,,2.288040,5.5.18,1402,4192,300,37,428,58,28,14,112,,,,fe80::14f0:845:ee8a:2657,2.287945,2015-12-30T12:17:50+00:00
/oikcom/oik-plugins/bbboing/,,2.125116,5.5.18,1402,4141,301,37,423,58,28,14,65,,,,fe80::14f0:845:ee8a:2657,2.125020,2015-12-30T12:17:52+00:00
/oikcom/oik-plugins/oik-bbpress-strip-tags-from-bbpress-forum-title-tooltips/,,2.131340,5.5.18,1402,4149,300,37,419,58,28,14,68,,,,fe80::14f0:845:ee8a:2657,2.131241,2015-12-30T12:17:54+00:00
/oikcom/oik_api/oik_attachment_fields_to_save/,,3.600820,5.5.18,1402,4114,299,37,414,58,28,14,81,,,,fe80::14f0:845:ee8a:2657,3.600725,2015-12-30T12:17:58+00:00
/oikcom/oik-plugins/oik-rwd/,,2.607607,5.5.18,1402,4163,300,37,420,58,28,14,70,,,,fe80::14f0:845:ee8a:2657,2.607511,2015-12-30T12:18:00+00:00
/oikcom/wordpress-plugins-from-oik-plugins/oik-base-plugin/oik-jquery-library/jquery-fancybox/jquery-fancybox-with-nivo-slider/,,2.324273,5.5.18,1402,4296,300,37,428,58,28,14,114,,,,fe80::14f0:845:ee8a:2657,2.324178,2015-12-30T12:18:03+00:00
/oikcom/oik-plugins/diy-oik/,,4.120315,5.5.18,1402,4172,300,37,421,58,28,14,74,,,,fe80::14f0:845:ee8a:2657,4.120218,2015-12-30T12:18:07+00:00
/oikcom/oik-plugins/oik-css/,,2.136806,5.5.18,1402,4198,300,37,421,58,28,14,66,,,,fe80::14f0:845:ee8a:2657,2.136713,2015-12-30T12:18:09+00:00
/oikcom/contact/contact-us/,,1.063458,5.5.18,1402,3736,293,37,374,58,28,14,17,,,,fe80::14f0:845:ee8a:2657,1.063352,2015-12-30T12:18:11+00:00
/oikcom/support/contact/contact-us/,,2.159523,5.5.18,1402,4255,300,37,428,58,28,14,80,,,,fe80::14f0:845:ee8a:2657,2.159429,2015-12-30T12:18:13+00:00
/oikcom/oik-plugins/us-tides/,,2.253514,5.5.18,1402,4220,300,37,422,58,28,14,66,,,,fe80::14f0:845:ee8a:2657,2.253421,2015-12-30T12:18:15+00:00
/oikcom/contact/stay-informed/,,1.065603,5.5.18,1402,3736,293,37,374,58,28,14,16,,,,fe80::14f0:845:ee8a:2657,1.065495,2015-12-30T12:18:16+00:00
/oikcom/support/stay-informed/,,1.834449,5.5.18,1402,3923,295,37,403,58,28,14,59,,,,fe80::14f0:845:ee8a:2657,1.834354,2015-12-30T12:18:18+00:00
/oikcom/about-oik-plugins-lazy-smart-shortcodes/lazy-shortcodes/,,1.851292,5.5.18,1402,3925,295,37,404,58,28,14,58,,,,fe80::14f0:845:ee8a:2657,1.851196,2015-12-30T12:18:20+00:00
/oikcom/oik-plugins/oik-user/,,2.122849,5.5.18,1402,4233,300,37,421,58,28,14,69,,,,fe80::14f0:845:ee8a:2657,2.122754,2015-12-30T12:18:23+00:00
/oikcom/wordpress-plugins-from-oik-plugins/oik-base-plugin-2/oik-faq/,,1.065176,5.5.18,1402,3736,293,37,374,58,28,14,16,,,,fe80::14f0:845:ee8a:2657,1.065069,2015-12-30T12:18:24+00:00
/oikcom/oik/oik-faq/,,2.278207,5.5.18,1402,4267,300,37,426,58,28,14,91,,,,fe80::14f0:845:ee8a:2657,2.278112,2015-12-30T12:18:26+00:00
/oikcom/apis/,,2.227456,5.5.18,1402,4013,295,37,411,58,28,14,128,,,,fe80::14f0:845:ee8a:2657,2.227363,2015-12-30T12:18:29+00:00
/oikcom/wordpress-plugins-from-oik-plugins/premium-oik-plugins/,,2.567736,5.5.18,1402,4016,295,37,410,58,28,14,133,,,,fe80::14f0:845:ee8a:2657,2.567641,2015-12-30T12:18:31+00:00
/oikcom/blog/,,2.413495,5.5.18,1402,3923,295,37,403,58,28,14,85,,,,fe80::14f0:845:ee8a:2657,2.413401,2015-12-30T12:18:34+00:00
/oikcom/apis/oik-trace-apis/,,2.257430,5.5.18,1402,4044,295,37,412,58,28,14,76,,,,fe80::14f0:845:ee8a:2657,2.257337,2015-12-30T12:18:36+00:00
/oikcom/oik-plugins/oik-buddypress-signup-email/,,2.070739,5.5.18,1402,4112,300,37,417,58,28,14,66,,,,fe80::14f0:845:ee8a:2657,2.070641,2015-12-30T12:18:38+00:00
/oikcom/2012/12/fix-for-warning-json_encode-expects-exactly-1-parameter-2-given/,,1.890118,5.5.18,1402,4045,295,37,410,58,28,14,62,,,,fe80::14f0:845:ee8a:2657,1.890021,2015-12-30T12:18:40+00:00
/oikcom/contact/sitemap/,,1.065924,5.5.18,1402,3736,293,37,374,58,28,14,16,,,,fe80::14f0:845:ee8a:2657,1.065820,2015-12-30T12:18:42+00:00
/oikcom/support/sitemap/,,4.702899,5.5.18,1402,4153,300,37,422,58,28,14,535,,,,fe80::14f0:845:ee8a:2657,4.702806,2015-12-30T12:18:46+00:00
/oikcom/about-oik-plugins-lazy-smart-shortcodes/smart-shortcodes/,,1.845762,5.5.18,1402,4006,295,37,405,58,28,14,58,,,,fe80::14f0:845:ee8a:2657,1.845664,2015-12-30T12:18:48+00:00
/oikcom/oik-plugins/oik-edd/,,2.134163,5.5.18,1402,4209,300,37,422,58,28,14,65,,,,fe80::14f0:845:ee8a:2657,2.134068,2015-12-30T12:18:51+00:00
/oikcom/oik-plugins/oik-plugins-wordpress-plugins-server/,,2.286125,5.5.18,1402,4287,300,37,426,58,28,14,74,,,,fe80::14f0:845:ee8a:2657,2.286032,2015-12-30T12:18:53+00:00
/oikcom/wordpress-plugins-from-oik-plugins/oik-base-plugin/,,2.173577,5.5.18,1402,4240,300,37,424,58,28,14,93,,,,fe80::14f0:845:ee8a:2657,2.173480,2015-12-30T12:18:55+00:00
/oikcom/oik-plugins/oik-blogger-redirect/,,2.120709,5.5.18,1402,4112,300,37,417,58,28,14,65,,,,fe80::14f0:845:ee8a:2657,2.120612,2015-12-30T12:18:58+00:00
/oikcom/oik-plugins/oik-testimonials/,,2.169340,5.5.18,1402,4227,300,37,425,58,28,14,74,,,,fe80::14f0:845:ee8a:2657,2.169245,2015-12-30T12:19:00+00:00
/oikcom/wordpress-plugins-from-oik-plugins/oik-base-plugin-2/oik-donate/,,1.059194,5.5.18,1402,3736,293,37,374,58,28,14,16,,,,fe80::14f0:845:ee8a:2657,1.059086,2015-12-30T12:19:01+00:00
/oikcom/oik/oik-donate/,,2.083977,5.5.18,1402,4131,300,37,422,58,28,14,79,,,,fe80::14f0:845:ee8a:2657,2.083881,2015-12-30T12:19:03+00:00
/oikcom/oik_api/bw_trace_included_files/,,5.678668,5.5.18,1402,4089,299,37,409,58,28,14,99,,,,fe80::14f0:845:ee8a:2657,5.678576,2015-12-30T12:19:09+00:00
/oikcom/oik-plugins/oik-themes-wordpress-themes-server/,,2.553821,5.5.18,1402,4189,300,37,424,58,28,14,67,,,,fe80::14f0:845:ee8a:2657,2.553725,2015-12-30T12:19:11+00:00
/oikcom/oik-installation/,,1.087259,5.5.18,1402,3736,293,37,374,58,28,14,16,,,,fe80::14f0:845:ee8a:2657,1.087149,2015-12-30T12:19:12+00:00
/oikcom/oik/oik-installation/,,2.318488,5.5.18,1402,4128,300,37,420,58,28,14,79,,,,fe80::14f0:845:ee8a:2657,2.318392,2015-12-30T12:19:15+00:00
/oikcom/oik-plugins/oik-read-progressively-reveal-content/,,2.360267,5.5.18,1402,4225,300,37,423,58,28,14,64,,,,fe80::14f0:845:ee8a:2657,2.360170,2015-12-30T12:19:17+00:00
/oikcom/oik-plugins/oik-sc-help-shortcode-help-shortcodes/,,2.377772,5.5.18,1402,4123,300,37,419,58,28,14,66,,,,fe80::14f0:845:ee8a:2657,2.377674,2015-12-30T12:19:20+00:00
/oikcom/oik/oik-faq/,,2.476808,5.5.18,1402,4267,300,37,426,58,28,14,91,,,,fe80::14f0:845:ee8a:2657,2.476713,2015-12-30T12:19:22+00:00
/oikcom/oik-plugins/oik-mshot/,,2.368985,5.5.18,1402,4147,300,37,419,58,28,14,68,,,,fe80::14f0:845:ee8a:2657,2.368887,2015-12-30T12:19:25+00:00
/oikcom/oik-plugins/oik-debug-filters/,,2.381199,5.5.18,1402,4131,300,37,419,58,28,14,65,,,,fe80::14f0:845:ee8a:2657,2.381104,2015-12-30T12:19:27+00:00
/oikcom/oik-plugins/oik-batch/,,2.360463,5.5.18,1402,4140,300,37,418,58,28,14,67,,,,fe80::14f0:845:ee8a:2657,2.360364,2015-12-30T12:19:30+00:00
/oikcom/oik-plugins/oik-woo/,,2.335430,5.5.18,1402,4096,300,37,416,58,28,14,59,,,,fe80::14f0:845:ee8a:2657,2.335333,2015-12-30T12:19:32+00:00
/oikcom/oik-plugins/oik-responsive-menu-jquery-responsive-menu/,,2.344201,5.5.18,1402,4112,300,37,417,58,28,14,66,,,,fe80::14f0:845:ee8a:2657,2.344105,2015-12-30T12:19:35+00:00
/oikcom/oik-plugins/oik-clone-clone-your-wordpress-content/index.php,,1.076464,5.5.18,1402,3736,293,37,374,58,28,14,14,,,,fe80::14f0:845:ee8a:2657,1.076352,2015-12-30T12:19:36+00:00
/oikcom/oik-plugins/oik-clone-clone-your-wordpress-content/,,2.472390,5.5.18,1402,4247,300,37,424,58,28,14,77,,,,fe80::14f0:845:ee8a:2657,2.472294,2015-12-30T12:19:38+00:00
/oikcom/oik-plugins/oik-ms-oik-multisite-shortcodes/,,2.351434,5.5.18,1402,4214,300,37,421,58,28,14,64,,,,fe80::14f0:845:ee8a:2657,2.351336,2015-12-30T12:19:41+00:00
/oikcom/oik-plugins/oik-email-signature/,,2.400094,5.5.18,1402,4121,300,37,419,58,28,14,72,,,,fe80::14f0:845:ee8a:2657,2.399996,2015-12-30T12:19:43+00:00
/oikcom/oik-plugins/oik-popup-time-delayed-slide-content/,,2.366916,5.5.18,1402,4199,300,37,419,58,28,14,63,,,,fe80::14f0:845:ee8a:2657,2.366821,2015-12-30T12:19:46+00:00
/oikcom/oik-plugins/wordpress-core-functionality/,,2.346960,5.5.18,1402,4107,300,37,418,58,28,14,58,,,,fe80::14f0:845:ee8a:2657,2.346860,2015-12-30T12:19:48+00:00
/oikcom/wordpress-plugins-from-oik-plugins/oik-base-plugin-2/oik-paypal-buttons/,,1.087119,5.5.18,1402,3736,293,37,374,58,28,14,16,,,,fe80::14f0:845:ee8a:2657,1.087011,2015-12-30T12:19:50+00:00
/oikcom/oik/oik-paypal-buttons/,,2.062619,5.5.18,1402,4042,295,37,410,58,28,14,58,,,,fe80::14f0:845:ee8a:2657,2.062521,2015-12-30T12:19:52+00:00
/oikcom/oik-plugins/oik-window-width/,,2.341465,5.5.18,1402,4106,300,37,418,58,28,14,63,,,,fe80::14f0:845:ee8a:2657,2.341369,2015-12-30T12:19:54+00:00
/oikcom/wp-content/themes/genesis-oik/images/ui-bg_glass_65_ffffff_1x400.png,,1.908614,5.5.18,1402,3909,293,37,400,58,28,14,48,,,,fe80::14f0:845:ee8a:2657,1.908519,2015-12-30T12:19:56+00:00
/oikcom/oik-plugins/oik-sidebar-widget-wrangler-for-artisteer-themes/,,2.337016,5.5.18,1402,4112,300,37,417,58,28,14,66,,,,fe80::14f0:845:ee8a:2657,2.336912,2015-12-30T12:19:59+00:00
/oikcom/oik-plugins/oik-infusionsoft-sign-up-form/,,2.382768,5.5.18,1402,4112,300,37,417,58,28,14,64,,,,fe80::14f0:845:ee8a:2657,2.382671,2015-12-30T12:20:01+00:00
/oikcom/wp-content/themes/genesis-oik/images/ui-bg_glass_75_e6e6e6_1x400.png,,1.917773,5.5.18,1402,3909,293,37,400,58,28,14,48,,,,fe80::14f0:845:ee8a:2657,1.917678,2015-12-30T12:20:03+00:00
/oikcom/wp-content/themes/genesis-oik/images/ui-bg_flat_75_ffffff_40x100.png,,1.907329,5.5.18,1402,3909,293,37,400,58,28,14,48,,,,fe80::14f0:845:ee8a:2657,1.907233,2015-12-30T12:20:05+00:00
/oikcom/wordpress-plugins-from-oik-plugins/oik-base-plugin-2/oik-installation/,,1.098055,5.5.18,1402,3736,293,37,374,58,28,14,16,,,,fe80::14f0:845:ee8a:2657,1.097938,2015-12-30T12:20:06+00:00
/oikcom/oik/oik-installation/,,2.334912,5.5.18,1402,4128,300,37,420,58,28,14,79,,,,fe80::14f0:845:ee8a:2657,2.334815,2015-12-30T12:20:09+00:00
/oikcom/apple-touch-icon.png,,1.905880,5.5.18,1402,3909,293,37,400,58,28,14,48,,,,fe80::14f0:845:ee8a:2657,1.905780,2015-12-30T12:20:11+00:00
/oikcom/oik-plugins/oik-video-bw_video-shortcode/,,2.390946,5.5.18,1402,4133,300,37,420,58,28,14,69,,,,fe80::14f0:845:ee8a:2657,2.390851,2015-12-30T12:20:13+00:00
/oikcom/oik-plugins/oik-tunes/,,2.352371,5.5.18,1402,4112,300,37,417,58,28,14,66,,,,fe80::14f0:845:ee8a:2657,2.352275,2015-12-30T12:20:16+00:00
/oikcom/wp-content/themes/genesis-oik/images/ui-icons_888888_256x240.png,,1.919933,5.5.18,1402,3909,293,37,400,58,28,14,48,,,,fe80::14f0:845:ee8a:2657,1.919839,2015-12-30T12:20:18+00:00
/oikcom/oik-plugins/oik-dates-custom-date-fields/,,2.367176,5.5.18,1402,4227,300,37,420,58,28,14,68,,,,fe80::14f0:845:ee8a:2657,2.367079,2015-12-30T12:20:20+00:00
/oikcom/oik-plugins/oik-squeeze/,,2.364194,5.5.18,1402,4112,300,37,417,58,28,14,65,,,,fe80::14f0:845:ee8a:2657,2.364098,2015-12-30T12:20:23+00:00
/oikcom/oik-plugins/oik-header-custom-header-image/,,2.384609,5.5.18,1402,4144,300,37,419,58,28,14,66,,,,fe80::14f0:845:ee8a:2657,2.384511,2015-12-30T12:20:25+00:00
/oikcom/apis/oik-fields-apis/,,2.691209,5.5.18,1402,4217,300,37,427,58,28,14,96,,,,fe80::14f0:845:ee8a:2657,2.691116,2015-12-30T12:20:28+00:00
/oikcom/wordpress-themes-oik-plugins/free-themes/,,2.134819,5.5.18,1402,4009,295,37,411,58,28,14,71,,,,fe80::14f0:845:ee8a:2657,2.134717,2015-12-30T12:20:31+00:00
/oikcom/oik/,,2.801257,5.5.18,1402,4277,300,37,428,58,28,14,121,,,,fe80::14f0:845:ee8a:2657,2.801163,2015-12-30T12:20:33+00:00
/oikcom/oik-plugins/oik-workingfeedback-testimonials/,,2.392014,5.5.18,1402,4146,300,37,420,58,28,14,64,,,,fe80::14f0:845:ee8a:2657,2.391915,2015-12-30T12:20:36+00:00
/oikcom/oik-plugins/oik-post-type-support/,,2.414073,5.5.18,1402,4266,300,37,422,58,28,14,74,,,,fe80::14f0:845:ee8a:2657,2.413976,2015-12-30T12:20:38+00:00
/oikcom/wordpress-plugins-from-oik-plugins/oik-base-plugin-2/oik-svn/,,1.094181,5.5.18,1402,3736,293,37,374,58,28,14,16,,,,fe80::14f0:845:ee8a:2657,1.094066,2015-12-30T12:20:40+00:00
/oikcom/oik/oik-svn/,,2.429492,5.5.18,1402,4161,300,37,423,58,28,14,91,,,,fe80::14f0:845:ee8a:2657,2.429398,2015-12-30T12:20:42+00:00
/oikcom/oik-plugins/oik-presentation/,,2.329575,5.5.18,1402,4140,300,37,418,58,28,14,68,,,,fe80::14f0:845:ee8a:2657,2.329478,2015-12-30T12:20:45+00:00
/oikcom/2014/10/fix-unresponsive-menu-button-child-themes-twentytwelve/,,3.092826,5.5.18,1402,4095,296,37,411,58,28,14,72,,,,fe80::14f0:845:ee8a:2657,3.092728,2015-12-30T12:20:48+00:00
/oikcom/wordpress-themes-oik-plugins/bespoke-themes/,,2.129831,5.5.18,1402,3991,295,37,408,58,28,14,69,,,,fe80::14f0:845:ee8a:2657,2.129735,2015-12-30T12:20:50+00:00
/oikcom/wordpress-themes-oik-plugins/premium-themes/,,2.029406,5.5.18,1402,3955,295,37,406,58,28,14,60,,,,fe80::14f0:845:ee8a:2657,2.029309,2015-12-30T12:20:52+00:00
/oikcom/wordpress-plugins-from-oik-plugins/wordpress-plugins/oik-nivo-slider/nivo-settings/nivo-slider-transition-effects/,,2.561522,5.5.18,1402,4161,300,37,423,58,28,14,110,,,,fe80::14f0:845:ee8a:2657,2.561427,2015-12-30T12:20:55+00:00
/oikcom/oik-plugins/oik-fum-flexible-update-manager/,,2.369200,5.5.18,1402,4131,300,37,419,58,28,14,71,,,,fe80::14f0:845:ee8a:2657,2.369103,2015-12-30T12:20:57+00:00
/oikcom/oik-plugins/foobar-least-amazing-plugin-world/,,2.361179,5.5.18,1402,4112,300,37,417,58,28,14,64,,,,fe80::14f0:845:ee8a:2657,2.361083,2015-12-30T12:21:00+00:00
/oikcom/wordpress-plugins-from-oik-plugins/oik-base-plugin-2/oik-plugins-github/,,1.094495,5.5.18,1402,3736,293,37,374,58,28,14,16,,,,fe80::14f0:845:ee8a:2657,1.094386,2015-12-30T12:21:01+00:00
/oikcom/oik/oik-plugins-github/,,2.337527,5.5.18,1402,4148,300,37,421,58,28,14,75,,,,fe80::14f0:845:ee8a:2657,2.337429,2015-12-30T12:21:04+00:00
/oikcom/apple-touch-icon-precomposed.png,,2.105869,5.5.18,1402,3909,293,37,400,58,28,14,48,,,,fe80::14f0:845:ee8a:2657,2.105761,2015-12-30T12:21:06+00:00
/oikcom/checkout/,,2.118125,5.5.18,1402,3920,295,37,403,58,28,14,54,,,,fe80::14f0:845:ee8a:2657,2.118030,2015-12-30T12:21:08+00:00
/oikcom/downloads/external-link-warning-jquery/,,2.100137,5.5.18,1402,4012,295,37,408,58,28,14,69,,,,fe80::14f0:845:ee8a:2657,2.100040,2015-12-30T12:21:10+00:00
/oikcom/wordpress-plugins-from-oik-plugins/oik-base-plugin/oik-options/oik-options-buttons/oik-button-for-bw_button-shortcode/,,2.536399,5.5.18,1402,4267,300,37,427,58,28,14,98,,,,fe80::14f0:845:ee8a:2657,2.536303,2015-12-30T12:21:13+00:00
/oikcom/oik-plugins/oik-todo-todo-list/,,2.380097,5.5.18,1402,4140,300,37,418,58,28,14,72,,,,fe80::14f0:845:ee8a:2657,2.380001,2015-12-30T12:21:16+00:00
/oikcom/tag/register/,,2.010106,5.5.18,1402,3917,293,37,401,58,28,14,58,,,,fe80::14f0:845:ee8a:2657,2.010011,2015-12-30T12:21:18+00:00
/oikcom/oik_shortcodes/bw_navi/,,2.437447,5.5.18,1402,4176,301,37,421,58,28,14,72,,,,fe80::14f0:845:ee8a:2657,2.437342,2015-12-30T12:21:20+00:00
/oikcom/oik_api/etag/,,3.754375,5.5.18,1402,4114,299,37,414,58,28,14,77,,,,fe80::14f0:845:ee8a:2657,3.754283,2015-12-30T12:21:24+00:00
/oikcom/oik-plugins/third-contact-plugin/,,2.403834,5.5.18,1402,4140,300,37,418,58,28,14,66,,,,fe80::14f0:845:ee8a:2657,2.403738,2015-12-30T12:21:27+00:00
/oikcom/apis/oik-batchmove-apis/,,2.738967,5.5.18,1402,4205,300,37,427,58,28,14,89,,,,fe80::14f0:845:ee8a:2657,2.738877,2015-12-30T12:21:30+00:00
/oikcom/oik_api/bw_format_nivo_nggallery/wp-admin/admin-ajax.php,,1.964539,5.5.18,1402,3909,293,37,400,58,28,14,48,,,,fe80::14f0:845:ee8a:2657,1.964441,2015-12-30T12:21:32+00:00
/oikcom/oik-plugins/oik-rating/,,2.437319,5.5.18,1402,4140,300,37,418,58,28,14,68,,,,fe80::14f0:845:ee8a:2657,2.437222,2015-12-30T12:21:34+00:00
/oikcom/wordpress-plugins-from-oik-plugins/wordpress-plugins/oik-nivo-slider/nivo-slider-defined-slide-order/,,2.636514,5.5.18,1402,4182,300,37,423,58,28,14,107,,,,fe80::14f0:845:ee8a:2657,2.636056,2015-12-30T12:21:37+00:00
/oikcom/downloads/multi-rate-weightcountry-shipping-for-woocommerce/,,2.168269,5.5.18,1402,3981,295,37,408,58,28,14,63,,,,fe80::14f0:845:ee8a:2657,2.168172,2015-12-30T12:21:39+00:00
/oikcom/sitemap_index.xml,,2.216163,5.5.18,1402,3955,295,37,405,58,28,14,64,,,,fe80::14f0:845:ee8a:2657,2.216066,2015-12-30T12:21:42+00:00
/oikcom/wordpress-plugins-from-oik-plugins/oik-base-plugin/oik-css/,,2.428864,5.5.18,1402,4122,300,37,419,58,28,14,92,,,,fe80::14f0:845:ee8a:2657,2.428765,2015-12-30T12:21:44+00:00
/oikcom/apis/plugins/api-list/,,2.942337,5.5.18,1402,4145,300,37,422,58,28,14,87,,,,fe80::14f0:845:ee8a:2657,2.942240,2015-12-30T12:21:47+00:00
/oikcom/2013/12/escaped-shortcodes-unexpectedly-expanded-get_the_excerpt/,,4.677373,5.5.18,1402,4206,297,37,415,58,28,14,132,,,,fe80::14f0:845:ee8a:2657,4.677272,2015-12-30T12:21:52+00:00
/oikcom/downloads/do-it-yourself-diy-shortcodes/,,2.126106,5.5.18,1402,3972,295,37,407,58,28,14,62,,,,fe80::14f0:845:ee8a:2657,2.126010,2015-12-30T12:21:54+00:00
/oikcom/oik_api/bw_ret/,,3.466221,5.5.18,1402,4114,299,37,414,58,28,14,72,,,,fe80::14f0:845:ee8a:2657,3.466122,2015-12-30T12:21:58+00:00
/oikcom/request-an-api-key/,,1.128570,5.5.18,1402,3736,293,37,374,58,28,14,16,,,,fe80::14f0:845:ee8a:2657,1.128463,2015-12-30T12:21:59+00:00
/oikcom/support/request-an-api-key/,,2.094089,5.5.18,1402,3940,295,37,405,58,28,14,59,,,,fe80::14f0:845:ee8a:2657,2.093995,2015-12-30T12:22:01+00:00
/oikcom/downloads/us-saltwater-tide-times-and-heights/,,2.225367,5.5.18,1402,4011,295,37,409,58,28,14,65,,,,fe80::14f0:845:ee8a:2657,2.225265,2015-12-30T12:22:04+00:00
/oikcom/shortcode_example/bw_table-showing-non-oik-plugins/,,2.373590,5.5.18,1402,4196,301,37,426,58,28,14,71,,,,fe80::14f0:845:ee8a:2657,2.373496,2015-12-30T12:22:06+00:00
/oikcom/oik_api/bw_skv/,,2.971520,5.5.18,1402,4116,299,37,416,58,28,14,68,,,,fe80::14f0:845:ee8a:2657,2.971428,2015-12-30T12:22:09+00:00
/oikcom/oik_pluginversion/oik-bwtrace-v2-0-8/,,2.093104,5.5.18,1402,4213,300,37,421,58,28,14,86,,,,fe80::14f0:845:ee8a:2657,2.093004,2015-12-30T12:22:11+00:00
/oikcom/wordpress-plugins-from-oik-plugins/wordpress-plugins/oik-nivo-slider/responsive-nivo-slider/,,2.222787,5.5.18,1402,4254,300,37,424,58,28,14,103,,,,fe80::14f0:845:ee8a:2657,2.222692,2015-12-30T12:22:14+00:00
/oikcom/wordpress-plugins-from-oik-plugins/wordpress-plugins/oik-nivo-slider/oik-nivo-slider-themes/,,2.247381,5.5.18,1402,4269,301,37,427,58,28,14,105,,,,fe80::14f0:845:ee8a:2657,2.247284,2015-12-30T12:22:16+00:00
/oikcom/oik_api/oik_require/,,3.498222,5.5.18,1402,4114,299,37,414,58,28,14,77,,,,fe80::14f0:845:ee8a:2657,3.498127,2015-12-30T12:22:20+00:00
/oikcom/oik_pluginversion/oik-user-v0-5-1/,,1.980219,5.5.18,1402,4098,300,37,418,58,28,14,76,,,,fe80::14f0:845:ee8a:2657,1.980125,2015-12-30T12:22:22+00:00
/oikcom/oik_api/stag/,,4.115366,5.5.18,1402,4114,299,37,414,58,28,14,86,,,,fe80::14f0:845:ee8a:2657,4.115269,2015-12-30T12:22:26+00:00
/oikcom/wordpress-plugins-from-oik-plugins/wordpress-plugins/oik-nivo-slider/oik-nivo-slider-faq/oik-nivo-slider-thumbnail-parameter/images-attached-to-related-pages/child-page-2-for-nivo-thumbnail-parameter-example/,,2.228084,5.5.18,1402,4138,300,37,420,58,28,14,110,,,,fe80::14f0:845:ee8a:2657,2.227988,2015-12-30T12:22:29+00:00
/oikcom/wordpress-plugins-from-oik-plugins/oik-weightcountry-shipping-faqs/,,2.219723,5.5.18,1402,4149,300,37,421,58,28,14,107,,,,fe80::14f0:845:ee8a:2657,2.219625,2015-12-30T12:22:31+00:00
/oikcom/oik_pluginversion/oik-window-width-v0-1-1/,,1.892316,5.5.18,1402,4094,300,37,417,58,28,14,73,,,,fe80::14f0:845:ee8a:2657,1.892219,2015-12-30T12:22:33+00:00
/oikcom/oik_api/bw_backtrace/,,2.793576,5.5.18,1402,4114,299,37,414,58,28,14,74,,,,fe80::14f0:845:ee8a:2657,2.793478,2015-12-30T12:22:36+00:00
/oikcom/apis/plugins/shortcodes-and-apis/,,2.701973,5.5.18,1402,3983,295,37,409,58,28,14,121,,,,fe80::14f0:845:ee8a:2657,2.701880,2015-12-30T12:22:39+00:00
/oikcom/oik-plugins/oik-libs-shared-library-repository/,,1.955701,5.5.18,1402,4106,300,37,418,58,28,14,63,,,,fe80::14f0:845:ee8a:2657,1.955604,2015-12-30T12:22:41+00:00
/oikcom/author/vsgloik/,,2.389683,5.5.18,1402,3952,295,37,406,58,28,14,84,,,,fe80::14f0:845:ee8a:2657,2.389589,2015-12-30T12:22:43+00:00
/oikcom/privacy-policy/,,1.213071,5.5.18,1402,3736,293,37,374,58,28,14,16,,,,fe80::14f0:845:ee8a:2657,1.212964,2015-12-30T12:22:45+00:00
/oikcom/support/privacy-policy/,,1.792138,5.5.18,1402,3931,295,37,405,58,28,14,57,,,,fe80::14f0:845:ee8a:2657,1.792044,2015-12-30T12:22:46+00:00
/oikcom/oik/oik-donate/,,2.055913,5.5.18,1402,4131,300,37,422,58,28,14,79,,,,fe80::14f0:845:ee8a:2657,2.055818,2015-12-30T12:22:49+00:00
/oikcom/oik,,1.217183,5.5.18,1402,3736,293,37,374,58,28,14,14,,,,fe80::14f0:845:ee8a:2657,1.217075,2015-12-30T12:22:50+00:00
/oikcom/oik/,,2.546248,5.5.18,1402,4277,300,37,428,58,28,14,121,,,,fe80::14f0:845:ee8a:2657,2.546152,2015-12-30T12:22:53+00:00
/oikcom/downloads/oik-popup-time-delayed-slide-content/,,1.856110,5.5.18,1402,4100,295,37,412,58,28,14,62,,,,fe80::14f0:845:ee8a:2657,1.856012,2015-12-30T12:22:55+00:00
/oikcom/oik_api/alink/,,4.603118,5.5.18,1402,4114,299,37,414,58,28,14,90,,,,fe80::14f0:845:ee8a:2657,4.603025,2015-12-30T12:22:59+00:00
/oikcom/oik_api/add_action/,,4.468958,5.5.18,1402,4160,299,37,416,58,28,14,127,,,,fe80::14f0:845:ee8a:2657,4.468866,2015-12-30T12:23:04+00:00
/oikcom/apis/oik-batch-apis/,,2.410350,5.5.18,1402,4205,300,37,427,58,28,14,91,,,,fe80::14f0:845:ee8a:2657,2.410258,2015-12-30T12:23:07+00:00
/oikcom/shortcode_example/most-recent-work/,,2.204139,5.5.18,1402,4214,301,37,425,58,28,14,66,,,,fe80::14f0:845:ee8a:2657,2.204046,2015-12-30T12:23:09+00:00
/oikcom/wordpress-plugins-from-oik-plugins/oik-base-plugin/oik-jquery-library/jquery-fancybox/jquery-fancybox-with-gallery-shortcode/,,2.319855,5.5.18,1402,4257,300,37,426,58,28,14,115,,,,fe80::14f0:845:ee8a:2657,2.319761,2015-12-30T12:23:11+00:00
/oikcom/wordpress-plugins-from-oik-plugins/wordpress-plugins/oik-nivo-slider/oik-nivo-slider-themes/oik-nivo-slider-theme-bar/,,2.212367,5.5.18,1402,4171,300,37,423,58,28,14,117,,,,fe80::14f0:845:ee8a:2657,2.212273,2015-12-30T12:23:14+00:00
/oikcom/comments/feed/,,1.387133,5.5.18,1402,3799,293,37,379,58,28,14,32,,,,fe80::14f0:845:ee8a:2657,1.387037,2015-12-30T12:23:15+00:00
/oikcom/wordpress-plugins-from-oik-plugins/wordpress-plugins/uk-tides/,,2.134364,5.5.18,1402,4258,300,37,427,58,28,14,100,,,,fe80::14f0:845:ee8a:2657,2.134267,2015-12-30T12:23:17+00:00
/oikcom/tutorials/recover-from-a-wordpress-fatal-error-using-your-sites-control-panel-cpanel/,,1.675162,5.5.18,1402,3909,293,37,400,58,28,14,48,,,,fe80::14f0:845:ee8a:2657,1.675061,2015-12-30T12:23:19+00:00
/oikcom/wordpress-plugins-from-oik-plugins/wordpress-plugins/oik-nivo-slider/nivo-settings/nivo-slider-transition-effects/nivo-slider-effectslicedownright/,,2.802933,5.5.18,1402,4161,300,37,421,58,28,14,214,,,,fe80::14f0:845:ee8a:2657,2.802837,2015-12-30T12:23:22+00:00
/oikcom/wordpress-plugins-from-oik-plugins/oik-base-plugin-2/,,1.672573,5.5.18,1402,3909,293,37,400,58,28,14,48,,,,fe80::14f0:845:ee8a:2657,1.672477,2015-12-30T12:23:24+00:00
/oikcom/wordpress-plugins-from-oik-plugins/wordpress-plugins/oik-nivo-slider/jquery-nivo-version-3-1/,,2.204881,5.5.18,1402,4182,300,37,423,58,28,14,104,,,,fe80::14f0:845:ee8a:2657,2.204784,2015-12-30T12:23:26+00:00
/oikcom//wp-admin/admin-ajax.php,,1.380283,5.5.18,1402,3923,314,37,426,58,28,14,18,,,,fe80::14f0:845:ee8a:2657,1.380201,2015-12-30T12:23:28+00:00
/oikcom/oik/oik-svn/,,2.167892,5.5.18,1402,4161,300,37,423,58,28,14,91,,,,fe80::14f0:845:ee8a:2657,2.167796,2015-12-30T12:23:30+00:00
/oikcom/oik_shortcodes/bw_codes/,,3.780732,5.5.18,1402,4901,300,37,500,58,28,14,69,,,,fe80::14f0:845:ee8a:2657,3.780633,2015-12-30T12:23:34+00:00
/oikcom/oik_api/bw_trace/,,2.679049,5.5.18,1402,4114,299,37,414,58,28,14,74,,,,fe80::14f0:845:ee8a:2657,2.678955,2015-12-30T12:23:37+00:00
/oikcom/oik-weightcountry-shipping-basic-user-guide/,,2.111638,5.5.18,1402,4167,300,37,424,58,28,14,83,,,,fe80::14f0:845:ee8a:2657,2.111543,2015-12-30T12:23:39+00:00
/oikcom/examples/how-to-create-a-contact-page-using-oik-and-jetpack/jetpack-contact-field-shortcode-country-select-list/,,2.182235,5.5.18,1402,4165,301,37,423,58,28,14,81,,,,fe80::14f0:845:ee8a:2657,2.182131,2015-12-30T12:23:41+00:00
/oikcom/2012/08/oik-nivo-slider-thumbnail-parameter-examples/,,2.173556,5.5.18,1402,4002,295,37,409,58,28,14,64,,,,fe80::14f0:845:ee8a:2657,2.173087,2015-12-30T12:23:44+00:00
/oikcom/oik_premiumversion/oik-plugins-v1-15-4/,,2.184419,5.5.18,1402,4181,300,37,419,58,28,14,73,,,,fe80::14f0:845:ee8a:2657,2.184316,2015-12-30T12:23:46+00:00
/oikcom/shortcodes/wp-admin/admin-ajax.php,,1.903208,5.5.18,1402,3909,293,37,400,58,28,14,48,,,,fe80::14f0:845:ee8a:2657,1.903108,2015-12-30T12:23:48+00:00
/oikcom/wp-content/themes/genesis-oik/images/ui-bg_glass_75_dadada_1x400.png,,1.810797,5.5.18,1402,3909,293,37,400,58,28,14,48,,,,fe80::14f0:845:ee8a:2657,1.810698,2015-12-30T12:23:50+00:00
/oikcom/oik/oik-installation/,,2.167931,5.5.18,1402,4128,300,37,420,58,28,14,79,,,,fe80::14f0:845:ee8a:2657,2.167837,2015-12-30T12:23:52+00:00
/oikcom/wordpress-plugins-from-oik-plugins/wordpress-plugins/oik-nivo-slider/oik-nivo-slider-themes/oik-nivo-slider-theme-light/,,2.303068,5.5.18,1402,4185,300,37,425,58,28,14,117,,,,fe80::14f0:845:ee8a:2657,2.302971,2015-12-30T12:23:55+00:00
/oikcom/oik-faq/fix-shipping-methods-found-message/,,1.865116,5.5.18,1402,3975,295,37,408,58,28,14,57,,,,fe80::14f0:845:ee8a:2657,1.865018,2015-12-30T12:23:57+00:00
/oikcom/apis/plugins/files-plugin/,,3.055034,5.5.18,1402,4149,300,37,423,58,28,14,120,,,,fe80::14f0:845:ee8a:2657,3.054940,2015-12-30T12:24:00+00:00
/oikcom/oik_api/bw_file_to_url/,,3.926552,5.5.18,1402,4114,299,37,414,58,28,14,80,,,,fe80::14f0:845:ee8a:2657,3.926456,2015-12-30T12:24:04+00:00
/oikcom/tutorials/oik-privacy-policy-and-cookie-cat-tutorial/,,1.923497,5.5.18,1402,3927,295,37,403,58,28,14,59,,,,fe80::14f0:845:ee8a:2657,1.923396,2015-12-30T12:24:06+00:00
/oikcom/oik_api/oik_cpt_edit_type_fields/,,6.840356,5.5.18,1402,4091,299,37,411,58,28,14,106,,,,fe80::14f0:845:ee8a:2657,6.840265,2015-12-30T12:24:13+00:00
/oikcom/oik_pluginversion/oik-ms-v0-2-1/,,2.110835,5.5.18,1402,4181,300,37,419,58,28,14,73,,,,fe80::14f0:845:ee8a:2657,2.110738,2015-12-30T12:24:13+00:00
/oikcom/oik_shortcodes/bw_accordion/,,2.241352,5.5.18,1402,4186,300,37,420,58,28,14,77,,,,fe80::14f0:845:ee8a:2657,2.241257,2015-12-30T12:24:16+00:00
/oikcom/oik_shortcodes/bw_users/,,2.073908,5.5.18,1402,4172,300,37,420,58,28,14,72,,,,fe80::14f0:845:ee8a:2657,2.073815,2015-12-30T12:24:18+00:00
/oikcom/wordpress-plugins-from-oik-plugins/wordpress-plugins/oik-nivo-slider/oik-nivo-slider/,,2.613572,5.5.18,1402,4186,300,37,424,58,28,14,178,,,,fe80::14f0:845:ee8a:2657,2.613478,2015-12-30T12:24:21+00:00
/oikcom/wordpress-plugins-from-oik-plugins/free-oik-plugins/oik-trace-plugin/,,4.399791,5.5.18,1402,4279,300,37,426,58,28,14,149,,,,fe80::14f0:845:ee8a:2657,4.399693,2015-12-30T12:24:25+00:00
/oikcom/wordpress-plugins-from-oik-plugins/wordpress-plugins/oik-nivo-slider/responsive-nivo-slider/responsive-nivo-slider-captions/,,2.607791,5.5.18,1402,4278,301,37,428,58,28,14,124,,,,fe80::14f0:845:ee8a:2657,2.607694,2015-12-30T12:24:28+00:00
/oikcom/oik/oik-changelog/,,2.318104,5.5.18,1402,3987,295,37,409,58,28,14,62,,,,fe80::14f0:845:ee8a:2657,2.318002,2015-12-30T12:24:35+00:00
/oikcom/wordpress-plugins-from-oik-plugins/wordpress-plugins/oik-nivo-slider/getting-started-with-oik-nivo-slider/,,2.880234,5.5.18,1402,4219,300,37,423,58,28,14,155,,,,fe80::14f0:845:ee8a:2657,2.880134,2015-12-30T12:24:38+00:00
/oikcom/oik_api/bw_get_posts/,,11.657114,5.5.18,1402,4027,299,37,400,58,28,14,129,,,,fe80::14f0:845:ee8a:2657,11.657026,2015-12-30T12:24:40+00:00
/oikcom/oik_shortcodes/bw_block/,,2.422340,5.5.18,1402,4169,300,37,420,58,28,14,71,,,,fe80::14f0:845:ee8a:2657,2.422244,2015-12-30T12:24:41+00:00
/oikcom/tutorials/recover-from-a-wordpress-fatal-error-using-your-wesites-control-panel-cpanel/,,2.352298,5.5.18,1402,4132,300,37,420,58,28,14,73,,,,fe80::14f0:845:ee8a:2657,2.352199,2015-12-30T12:24:43+00:00
/oikcom/2014/03/weight-country-shipping-woocommerce-extension-plugin/,,2.186831,5.5.18,1402,4071,295,37,408,58,28,14,71,,,,fe80::14f0:845:ee8a:2657,2.186734,2015-12-30T12:24:46+00:00
/oikcom/wordpress-plugins-from-oik-plugins/wordpress-plugins/oik-nivo-slider/oik-nivo-slider-themes/oik-nivo-slider-theme-orman/,,2.616205,5.5.18,1402,4186,301,37,426,58,28,14,118,,,,fe80::14f0:845:ee8a:2657,2.616109,2015-12-30T12:24:48+00:00
/oikcom/2015/10/total-downloads-from-wordpress-org-recently-passed-250000/,,2.401258,5.5.18,1402,4138,300,37,422,58,28,14,74,,,,fe80::14f0:845:ee8a:2657,2.401161,2015-12-30T12:24:51+00:00
/oikcom/wordpress-plugins-from-oik-plugins/wordpress-plugins/oik-nivo-slider/,,2.828900,5.5.18,1402,4199,300,37,424,58,28,14,152,,,,fe80::14f0:845:ee8a:2657,2.828801,2015-12-30T12:24:54+00:00
/oikcom/oik_shortcodes/bw_contact_form/,,2.327397,5.5.18,1402,4164,300,37,419,58,28,14,70,,,,fe80::14f0:845:ee8a:2657,2.327293,2015-12-30T12:24:56+00:00
/oikcom/apis/oik-plugins-apis/,,2.675552,5.5.18,1402,4205,300,37,427,58,28,14,88,,,,fe80::14f0:845:ee8a:2657,2.675451,2015-12-30T12:24:59+00:00
/oikcom/wordpress-plugins-from-oik-plugins/wordpress-plugins/bbboing/,,2.477220,5.5.18,1402,4238,300,37,425,58,28,14,89,,,,fe80::14f0:845:ee8a:2657,2.477122,2015-12-30T12:25:02+00:00
/oikcom/shortcode_example/bw_directions-shortcode-to-get-google-directions/,,2.325896,5.5.18,1402,4177,301,37,422,58,28,14,65,,,,fe80::14f0:845:ee8a:2657,2.325798,2015-12-30T12:25:04+00:00
/oikcom/getting-started-with-oik-plugins/,,1.193824,5.5.18,1402,3736,293,37,374,58,28,14,16,,,,fe80::14f0:845:ee8a:2657,1.193716,2015-12-30T12:25:05+00:00
/oikcom/examples/getting-started-with-oik-plugins/,,2.093911,5.5.18,1402,3923,295,37,403,58,28,14,59,,,,fe80::14f0:845:ee8a:2657,2.093815,2015-12-30T12:25:08+00:00
/oikcom/wordpress-plugins-from-oik-plugins/wordpress-plugins/oik-nivo-slider/oik-nivo-slider-faq/displaying-a-news-slider/,,2.824984,5.5.18,1402,4298,301,37,432,58,28,14,139,,,,fe80::14f0:845:ee8a:2657,2.824887,2015-12-30T12:25:11+00:00
/oikcom/downloads/blogger-to-wordpress-redirection/,,2.184637,5.5.18,1402,3993,295,37,408,58,28,14,65,,,,fe80::14f0:845:ee8a:2657,2.184540,2015-12-30T12:25:13+00:00
/oikcom/2015/11/black-friday-cyber-monday/,,2.129821,5.5.18,1402,3938,295,37,404,58,28,14,59,,,,fe80::14f0:845:ee8a:2657,2.129724,2015-12-30T12:25:15+00:00
/oikcom/wordpress-plugins-from-oik-plugins/oik-base-plugin/oik-options/oik-options-overview/oik-options-overview-shortcode-options/,,2.552001,5.5.18,1402,4157,300,37,422,58,28,14,104,,,,fe80::14f0:845:ee8a:2657,2.551904,2015-12-30T12:25:18+00:00
/oikcom/oik_shortcodes/bw_cycle/,,2.828640,5.5.18,1402,4259,301,37,428,58,28,14,113,,,,fe80::14f0:845:ee8a:2657,2.828546,2015-12-30T12:25:21+00:00
/oikcom/wordpress-plugins-from-oik-plugins/oik-base-plugin/oik-jquery-library/jquery-fancybox/jquery-fancybox-with-hand-crafted-html/,,2.607866,5.5.18,1402,4257,300,37,426,58,28,14,111,,,,fe80::14f0:845:ee8a:2657,2.607771,2015-12-30T12:25:24+00:00
/oikcom/mad-mimi-landing/,,2.476111,5.5.18,1402,4130,300,37,421,58,28,14,99,,,,fe80::14f0:845:ee8a:2657,2.476016,2015-12-30T12:25:26+00:00
/oikcom/wordpress-plugins-from-oik-plugins/wordpress-plugins/oik-nivo-slider/nivo-settings/nivo-thumbs-parameter-for-thumbnail-navigation/,,2.567762,5.5.18,1402,4176,300,37,422,58,28,14,120,,,,fe80::14f0:845:ee8a:2657,2.567664,2015-12-30T12:25:29+00:00
/oikcom/apis/cookie-cat-apis/,,2.703253,5.5.18,1402,4217,300,37,427,58,28,14,89,,,,fe80::14f0:845:ee8a:2657,2.703160,2015-12-30T12:25:32+00:00
/oikcom/oik_hook/bw_jquery_script_url/,,2.161822,5.5.18,1402,3984,295,37,408,58,28,14,61,,,,fe80::14f0:845:ee8a:2657,2.161727,2015-12-30T12:25:34+00:00
/oikcom/oik_pluginversion/oik-v2-4/,,2.846817,5.5.18,1402,4336,300,37,424,58,28,14,89,,,,fe80::14f0:845:ee8a:2657,2.846722,2015-12-30T12:25:37+00:00
/oikcom/shortcode_example/bw_list-shortcode-list-posts-multiple-post-types/,,2.424296,5.5.18,1402,4179,301,37,422,58,28,14,63,,,,fe80::14f0:845:ee8a:2657,2.424204,2015-12-30T12:25:39+00:00
/oikcom/wordpress-plugins-from-oik-plugins/wordpress-plugins/oik-nivo-slider/oik-nivo-slider-themes/oik-nivo-slider-theme-dark/,,2.485474,5.5.18,1402,4167,300,37,422,58,28,14,106,,,,fe80::14f0:845:ee8a:2657,2.485372,2015-12-30T12:25:42+00:00
/oikcom/oik_hook/deprecated_constructor_trigger_error/,,2.143001,5.5.18,1402,3984,295,37,408,58,28,14,56,,,,fe80::14f0:845:ee8a:2657,2.142903,2015-12-30T12:25:44+00:00
/oikcom/oik_api/retlink/,,5.216741,5.5.18,1402,4089,299,37,409,58,28,14,94,,,,fe80::14f0:845:ee8a:2657,5.216652,2015-12-30T12:25:50+00:00
/oikcom/apis/oik-themes-apis/,,2.783015,5.5.18,1402,4156,300,37,421,58,28,14,83,,,,fe80::14f0:845:ee8a:2657,2.782914,2015-12-30T12:25:52+00:00
/oikcom/wordpress-plugins-from-oik-plugins/oik-base-plugin/oik-options/oik-options-plugins/oik-options-plugins-add-plugin/,,2.294892,5.5.18,1402,4153,300,37,421,58,28,14,101,,,,fe80::14f0:845:ee8a:2657,2.294795,2015-12-30T12:25:55+00:00
/oikcom/wordpress-plugins-from-oik-plugins/oik-base-plugin/oik-options/oik-options-buttons/oik-paypal/,,2.319715,5.5.18,1402,4252,300,37,425,58,28,14,98,,,,fe80::14f0:845:ee8a:2657,2.319620,2015-12-30T12:25:57+00:00
/oikcom/wordpress-plugins-from-oik-plugins/wordpress-plugins/oik-nivo-slider/oik-nivo-slider-faq/styling-the-oik-nivo-slider-caption/,,2.479250,5.5.18,1402,4284,301,37,430,58,28,14,123,,,,fe80::14f0:845:ee8a:2657,2.479148,2015-12-30T12:26:00+00:00
/oikcom/oik-themes/artisteer-template/,,2.057383,5.5.18,1402,4134,300,37,420,58,28,14,74,,,,fe80::14f0:845:ee8a:2657,2.057290,2015-12-30T12:26:02+00:00
/oikcom/wordpress-plugins-from-oik-plugins/wordpress-plugins/oik-nivo-slider/oik-nivo-slider-themes/oik-nivo-slider-theme-default/,,2.332554,5.5.18,1402,4186,301,37,426,58,28,14,117,,,,fe80::14f0:845:ee8a:2657,2.332461,2015-12-30T12:26:04+00:00
/oikcom/oik_shortcodes/bw_new/index.php,,1.053160,5.5.18,1402,3736,293,37,374,58,28,14,14,,,,fe80::14f0:845:ee8a:2657,1.053055,2015-12-30T12:26:06+00:00
/oikcom/oik_shortcodes/bw_new/,,2.082836,5.5.18,1402,4206,300,37,421,58,28,14,70,,,,fe80::14f0:845:ee8a:2657,2.082737,2015-12-30T12:26:08+00:00
/oikcom/wordpress-plugins-from-oik-plugins/oik-base-plugin/oik-jquery-library/jquery-cycle-all-library/,,2.375640,5.5.18,1402,4261,300,37,426,58,28,14,106,,,,fe80::14f0:845:ee8a:2657,2.375542,2015-12-30T12:26:10+00:00
/oikcom/shortcode_example/bw_codes-ordered-shortcode-name/,,3.721255,5.5.18,1402,4902,301,37,501,58,28,14,58,,,,fe80::14f0:845:ee8a:2657,3.721158,2015-12-30T12:26:14+00:00
/oikcom/oik_api/isubmit/,,2.672945,5.5.18,1402,4114,299,37,414,58,28,14,74,,,,fe80::14f0:845:ee8a:2657,2.672852,2015-12-30T12:26:17+00:00
/oikcom/author/bobbingwide/,,2.139011,5.5.18,1402,3954,295,37,404,58,28,14,78,,,,fe80::14f0:845:ee8a:2657,2.138918,2015-12-30T12:26:19+00:00
/oikcom/wordpress-plugins-from-oik-plugins/oik-base-plugin/oik-options/oik-options-buttons/,,2.327080,5.5.18,1402,4197,300,37,425,58,28,14,115,,,,fe80::14f0:845:ee8a:2657,2.326986,2015-12-30T12:26:22+00:00
/oikcom/apis/oik-privacy-policy-apis/,,2.903716,5.5.18,1402,4201,300,37,426,58,28,14,96,,,,fe80::14f0:845:ee8a:2657,2.903624,2015-12-30T12:26:25+00:00
/oikcom/examples/example-bw_table-to-tabulate-all-oik-plugins/,,2.113102,5.5.18,1402,4140,300,37,423,58,28,14,84,,,,fe80::14f0:845:ee8a:2657,2.113008,2015-12-30T12:26:27+00:00
/oikcom/wordpress-plugins-from-oik-plugins/wordpress-plugins/oik-nivo-slider/oik-nivo-slider-faq/nivo-slider-is-wider-than-my-images/,,2.308591,5.5.18,1402,4199,301,37,427,58,28,14,107,,,,fe80::14f0:845:ee8a:2657,2.308495,2015-12-30T12:26:29+00:00
/oikcom/wordpress-plugins-from-oik-plugins/free-oik-plugins/oik-email-signature-email-signature-generator/,,2.111295,5.5.18,1402,4122,300,37,419,58,28,14,99,,,,fe80::14f0:845:ee8a:2657,2.111197,2015-12-30T12:26:32+00:00
/oikcom/oik_pluginversion/oik-v2-5-alpha-0130/,,1.946088,5.5.18,1402,4191,300,37,419,58,28,14,81,,,,fe80::14f0:845:ee8a:2657,1.945988,2015-12-30T12:26:34+00:00
/oikcom/tutorials/oik-plugins-an-introduction/,,2.014193,5.5.18,1402,4211,300,37,422,58,28,14,73,,,,fe80::14f0:845:ee8a:2657,2.014097,2015-12-30T12:26:36+00:00
/oikcom/wordpress-plugins-from-oik-plugins/oik-base-plugin/oik-jquery-library/jquery-fancybox/jquery-fancybox-with-bw_images-and-bw_thumbs/,,2.323774,5.5.18,1402,4277,300,37,428,58,28,14,117,,,,fe80::14f0:845:ee8a:2657,2.323681,2015-12-30T12:26:38+00:00
/oikcom/wordpress-plugins-from-oik-plugins/oik-base-plugin/15079-2/,,2.100966,5.5.18,1402,4213,300,37,422,58,28,14,90,,,,fe80::14f0:845:ee8a:2657,2.100866,2015-12-30T12:26:41+00:00
/oikcom/wordpress-plugins-from-oik-plugins/oik-base-plugin/oik-options/oik-options-buttons/oik-shortcodes-button/,,2.213276,5.5.18,1402,4165,300,37,423,58,28,14,99,,,,fe80::14f0:845:ee8a:2657,2.213181,2015-12-30T12:26:43+00:00
/oikcom/oik_api/bw_flush/,,3.122856,5.5.18,1402,4114,299,37,414,58,28,14,72,,,,fe80::14f0:845:ee8a:2657,3.122763,2015-12-30T12:26:46+00:00
/oikcom/wordpress-plugins-from-oik-plugins/oik-base-plugin/oik-options/oik-options-shortcode-help/,,2.187754,5.5.18,1402,4240,300,37,423,58,28,14,98,,,,fe80::14f0:845:ee8a:2657,2.187659,2015-12-30T12:26:48+00:00
/oikcom/wordpress-plugins-from-oik-plugins/oik-base-plugin/oik-jquery-library/,,2.132938,5.5.18,1402,4213,300,37,422,58,28,14,102,,,,fe80::14f0:845:ee8a:2657,2.132842,2015-12-30T12:26:51+00:00
/oikcom/apis/bbboing-apis/,,2.350246,5.5.18,1402,4217,300,37,427,58,28,14,89,,,,fe80::14f0:845:ee8a:2657,2.350156,2015-12-30T12:26:53+00:00
/oikcom/examples/email-signature-using-oik/,,2.041232,5.5.18,1402,4147,300,37,423,58,28,14,72,,,,fe80::14f0:845:ee8a:2657,2.041135,2015-12-30T12:26:55+00:00
/oikcom/wordpress-plugins-from-oik-plugins/free-oik-plugins/oik-trace-plugin/oik-bwtrace-modifications-to-wp-includesplugin-php/,,2.133448,5.5.18,1402,4128,300,37,420,58,28,14,94,,,,fe80::14f0:845:ee8a:2657,2.133353,2015-12-30T12:26:58+00:00
/oikcom/wordpress-plugins-from-oik-plugins/oik-base-plugin/oik-options/oik-options-buttons/oik-shortcodes-quicktag/,,2.251593,5.5.18,1402,4157,300,37,422,58,28,14,99,,,,fe80::14f0:845:ee8a:2657,2.251495,2015-12-30T12:27:00+00:00
