/oikcom/wp-login.php,,1.133036,5.5.18,1402,3748,293,37,373,58,28,14,10,,,,fe80::14f0:845:ee8a:2657,1.132933,2015-12-30T11:27:00+00:00
/oikcom/wp-cron.php?doing_wp_cron=1451474815.0223910808563232421875,,6.585971,5.5.18,1402,4113,316,37,398,58,28,14,76,,,,fe80::14f0:845:ee8a:2657,6.585859,2015-12-30T11:27:01+00:00
/oikcom/,,2.225633,5.5.18,1402,3955,295,37,405,58,28,14,64,,,,fe80::14f0:845:ee8a:2657,2.225536,2015-12-30T11:27:02+00:00
/oikcom/plugins/info/,,1.099673,5.5.18,1402,3820,293,37,377,58,28,14,11,,,,fe80::14f0:845:ee8a:2657,1.099588,2015-12-30T11:27:03+00:00
/oikcom/feed/,,2.045931,5.5.18,1402,3787,293,37,376,58,28,14,19,,,,fe80::14f0:845:ee8a:2657,2.045832,2015-12-30T11:27:05+00:00
/oikcom/oik-plugins/oik/,,12.815708,5.5.18,1402,4287,300,37,426,58,28,14,168,,,,fe80::14f0:845:ee8a:2657,12.815595,2015-12-30T11:27:06+00:00
/oikcom/apis/oik-apis/,,2.113162,5.5.18,1402,3965,295,37,405,58,28,14,62,,,,fe80::14f0:845:ee8a:2657,2.113064,2015-12-30T11:27:07+00:00
/oikcom/wp-cron.php,,1.049495,5.5.18,1402,3737,293,37,372,58,28,14,10,,,,fe80::14f0:845:ee8a:2657,1.049387,2015-12-30T11:27:09+00:00
/oikcom/oik_todo/create-date-history-shortcode/,,2.628284,5.5.18,1402,4176,296,37,414,58,28,14,77,,,,fe80::14f0:845:ee8a:2657,2.628190,2015-12-30T11:27:11+00:00
/oikcom//plugins/info/,,1.065450,5.5.18,1402,3736,293,37,374,58,28,14,11,,,,fe80::14f0:845:ee8a:2657,1.065341,2015-12-30T11:27:13+00:00
/oikcom/plugins/info/,,1.086454,5.5.18,1402,3820,293,37,377,58,28,14,11,,,,fe80::14f0:845:ee8a:2657,1.086370,2015-12-30T11:27:14+00:00
/oikcom/plugins/check-these/,,1.081630,5.5.18,1402,3819,293,37,376,58,28,14,11,,,,fe80::14f0:845:ee8a:2657,1.081534,2015-12-30T11:27:15+00:00
/oikcom/plugins/download,,1.078291,5.5.18,1402,3736,293,37,374,58,28,14,11,,,,fe80::14f0:845:ee8a:2657,1.078184,2015-12-30T11:27:16+00:00
/oikcom/plugins/download/,,1.084098,5.5.18,1402,3820,293,37,377,58,28,14,11,,,,fe80::14f0:845:ee8a:2657,1.084019,2015-12-30T11:27:17+00:00
/oikcom/oik-plugins/oik-shortcode-server/,,3.968360,5.5.18,1402,4251,300,37,424,58,28,14,88,,,,fe80::14f0:845:ee8a:2657,3.968263,2015-12-30T11:27:21+00:00
/oikcom/plugins/download/,,1.074564,5.5.18,1402,3820,293,37,377,58,28,14,11,,,,fe80::14f0:845:ee8a:2657,1.074484,2015-12-30T11:27:23+00:00
/oikcom/plugins/update-check/,,1.076066,5.5.18,1402,3820,293,37,377,58,28,14,11,,,,fe80::14f0:845:ee8a:2657,1.075986,2015-12-30T11:27:24+00:00
/oikcom/wordpress-plugins-from-oik-plugins/,,2.724174,5.5.18,1402,4189,300,37,427,58,28,14,128,,,,fe80::14f0:845:ee8a:2657,2.724081,2015-12-30T11:27:27+00:00
/oikcom/shortcodes/,,2.832687,5.5.18,1402,4173,300,37,426,58,28,14,110,,,,fe80::14f0:845:ee8a:2657,2.832592,2015-12-30T11:27:30+00:00
/oikcom/wp-json/oembed/1.0/embed,,1.061160,5.5.18,1402,3736,293,37,373,58,28,14,10,,,,fe80::14f0:845:ee8a:2657,1.061064,2015-12-30T11:27:31+00:00
/oikcom/oik-plugins/oik-bwtrace-debug-trace-for-wordpress/,,3.617804,5.5.18,1402,4237,300,37,422,58,28,14,112,,,,fe80::14f0:845:ee8a:2657,3.617708,2015-12-30T11:27:34+00:00
/oikcom/oik_todo/create-date-history-shortcode/,,2.134416,5.5.18,1402,4095,296,37,412,58,28,14,69,,,,fe80::14f0:845:ee8a:2657,2.134323,2015-12-30T11:27:37+00:00
/oikcom/apis/oik-shortcodes-apis/,,5.056550,5.5.18,1402,4218,300,37,427,58,28,14,104,,,,fe80::14f0:845:ee8a:2657,5.056451,2015-12-30T11:27:42+00:00
/oikcom/oik-plugins/oik-weightcountry-shipping-pro/,,2.707966,5.5.18,1402,4115,300,37,419,58,28,14,66,,,,fe80::14f0:845:ee8a:2657,2.707699,2015-12-30T11:27:45+00:00
/oikcom/xmlrpc.php,,1.408323,5.5.18,1402,4113,310,37,398,58,28,14,10,,,,fe80::14f0:845:ee8a:2657,1.408244,2015-12-30T11:27:46+00:00
/oikcom/oik-plugins/oik-clone-clone-your-wordpress-content/,,2.917313,5.5.18,1402,4247,300,37,424,58,28,14,77,,,,fe80::14f0:845:ee8a:2657,2.917215,2015-12-30T11:27:49+00:00
/oikcom/oik-plugins/oik-nivo-slider-jquery-nivo-slider/,,3.142921,5.5.18,1402,4160,300,37,421,58,28,14,123,,,,fe80::14f0:845:ee8a:2657,3.142821,2015-12-30T11:27:52+00:00
/oikcom/2014/04/implement-missing-sociable-shortcode-functions-php/,,4.152618,5.5.18,1402,4291,296,37,414,58,28,14,82,,,,fe80::14f0:845:ee8a:2657,4.152518,2015-12-30T11:27:57+00:00
/oikcom/home/,,1.344492,5.5.18,1402,3736,293,37,374,58,28,14,15,,,,fe80::14f0:845:ee8a:2657,1.344378,2015-12-30T11:27:58+00:00
/oikcom/home-2/,,3.264560,5.5.18,1402,4040,295,37,413,58,28,14,109,,,,fe80::14f0:845:ee8a:2657,3.264465,2015-12-30T11:28:02+00:00
/oikcom/oik-plugins/oik-types/,,2.871123,5.5.18,1402,4134,300,37,419,58,28,14,67,,,,fe80::14f0:845:ee8a:2657,2.871024,2015-12-30T11:28:05+00:00
/oikcom/oik-plugins/oik-fields-custom-post-type-field-apis/,,3.005594,5.5.18,1402,4226,300,37,422,58,28,14,83,,,,fe80::14f0:845:ee8a:2657,3.005496,2015-12-30T11:28:08+00:00
/oikcom/2014/04/implement-missing-sociable-shortcode-functions-php/trackback/,,1.342741,5.5.18,1402,3788,293,37,376,58,28,14,14,,,,fe80::14f0:845:ee8a:2657,1.342632,2015-12-30T11:28:09+00:00
/oikcom/2014/04/implement-missing-sociable-shortcode-functions-php/,,3.153787,5.5.18,1402,4210,296,37,412,58,28,14,80,,,,fe80::14f0:845:ee8a:2657,3.153676,2015-12-30T11:28:12+00:00
/oikcom/oik-plugins/oik-weightcountry-shipping-woocommerce-extension/,,2.664932,5.5.18,1402,4115,300,37,419,58,28,14,65,,,,fe80::14f0:845:ee8a:2657,2.664836,2015-12-30T11:28:15+00:00
/oikcom/wordpress-plugins-from-oik-plugins/wordpress-plugins/oik-nivo-slider/oik-nivo-slider-faq/oik-custom-image-link-url/,,2.763886,5.5.18,1402,4277,300,37,426,58,28,14,101,,,,fe80::14f0:845:ee8a:2657,2.763793,2015-12-30T11:28:18+00:00
/oikcom/oik-plugins/uk-tides-times-and-heights/,,3.119947,5.5.18,1402,4148,300,37,423,58,28,14,121,,,,fe80::14f0:845:ee8a:2657,3.119851,2015-12-30T11:28:21+00:00
/oikcom/oik-plugins/privacy-policy-page-generator/,,2.639440,5.5.18,1402,4115,300,37,419,58,28,14,63,,,,fe80::14f0:845:ee8a:2657,2.639346,2015-12-30T11:28:24+00:00
/oikcom/2014/12/pagination-not-working-properly-wordpress-4-1/,,3.436190,5.5.18,1402,4086,295,37,410,58,28,14,86,,,,fe80::14f0:845:ee8a:2657,3.436080,2015-12-30T11:28:28+00:00
/oikcom/oik_api/bw_trace2/,,3.292063,5.5.18,1402,4114,299,37,414,58,28,14,74,,,,fe80::14f0:845:ee8a:2657,3.291970,2015-12-30T11:28:31+00:00
/oikcom/oik-plugins/oik-bob-bing-wide-more-lazy-smart-shortcodes/,,2.600493,5.5.18,1402,4193,300,37,420,58,28,14,64,,,,fe80::14f0:845:ee8a:2657,2.600398,2015-12-30T11:28:34+00:00
/oikcom/wordpress-plugins-from-oik-plugins/free-oik-plugins/,,3.403811,5.5.18,1402,4151,300,37,422,58,28,14,195,,,,fe80::14f0:845:ee8a:2657,3.403718,2015-12-30T11:28:37+00:00
/oikcom/contact/,,1.289936,5.5.18,1402,3736,293,37,374,58,28,14,16,,,,fe80::14f0:845:ee8a:2657,1.289826,2015-12-30T11:28:39+00:00
/oikcom/support/contact/,,2.336363,5.5.18,1402,3985,295,37,410,58,28,14,57,,,,fe80::14f0:845:ee8a:2657,2.336267,2015-12-30T11:28:41+00:00
/oikcom/oik-plugins/cookie-cat-tabulate-your-website-cookies/,,3.265923,5.5.18,1402,4156,300,37,421,58,28,14,69,,,,fe80::14f0:845:ee8a:2657,3.265823,2015-12-30T11:28:45+00:00
/oikcom/wordpress-plugins-from-oik-plugins/wordpress-plugins/oik-nivo-slider/nivo-settings/,,2.720846,5.5.18,1402,4174,301,37,425,58,28,14,96,,,,fe80::14f0:845:ee8a:2657,2.720752,2015-12-30T11:28:47+00:00
/oikcom/wordpress-plugins-from-oik-plugins/wordpress-plugins/,,2.834585,5.5.18,1402,4126,295,37,415,58,28,14,107,,,,fe80::14f0:845:ee8a:2657,2.834490,2015-12-30T11:28:50+00:00
/oikcom/wordpress-plugins-from-oik-plugins/wordpress-plugins/oik-nivo-slider/oik-nivo-slider-faq/controlling-the-height-of-the-nivo-slider/,,3.493467,5.5.18,1402,4331,301,37,431,58,28,14,138,,,,fe80::14f0:845:ee8a:2657,3.493369,2015-12-30T11:28:54+00:00
/oikcom/wordpress-plugins-from-oik-plugins/oik-base-plugin-2/oik-changelog/,,1.295624,5.5.18,1402,3736,293,37,374,58,28,14,16,,,,fe80::14f0:845:ee8a:2657,1.295518,2015-12-30T11:28:56+00:00
/oikcom/oik/oik-changelog/,,2.422705,5.5.18,1402,3987,295,37,409,58,28,14,62,,,,fe80::14f0:845:ee8a:2657,2.422598,2015-12-30T11:28:58+00:00
/oikcom/wp-content/themes/genesis-oik/images/ui-icons_454545_256x240.png,,2.118304,5.5.18,1402,3909,293,37,400,58,28,14,48,,,,fe80::14f0:845:ee8a:2657,2.118209,2015-12-30T11:29:00+00:00
/oikcom/oik-plugins/oik-batchmove/,,2.600380,5.5.18,1402,4109,300,37,419,58,28,14,65,,,,fe80::14f0:845:ee8a:2657,2.600287,2015-12-30T11:29:03+00:00
/oikcom/oik-plugins/oik-lib-shared-library-management/,,2.620433,5.5.18,1402,4106,300,37,418,58,28,14,65,,,,fe80::14f0:845:ee8a:2657,2.620337,2015-12-30T11:29:06+00:00
/oikcom/apis/plugins/action-filter-hooks/,,2.639353,5.5.18,1402,3979,295,37,408,58,28,14,68,,,,fe80::14f0:845:ee8a:2657,2.639259,2015-12-30T11:29:08+00:00
/oikcom/oik_file/feedoik-banner-feed-php/,,3.426300,5.5.18,1402,4164,299,37,417,58,28,14,81,,,,fe80::14f0:845:ee8a:2657,3.426202,2015-12-30T11:29:12+00:00
/oikcom/about-oik-plugins-lazy-smart-shortcodes/,,2.621222,5.5.18,1402,4229,300,37,425,58,28,14,71,,,,fe80::14f0:845:ee8a:2657,2.621127,2015-12-30T11:29:15+00:00
/oikcom/oik_api/bw_array_get/,,4.710045,5.5.18,1402,4114,299,37,414,58,28,14,83,,,,fe80::14f0:845:ee8a:2657,4.709950,2015-12-30T11:29:20+00:00
/oikcom/oik-plugins/external-link-warning-jquery/,,5.421487,5.5.18,1402,4145,300,37,419,58,28,14,73,,,,fe80::14f0:845:ee8a:2657,5.421389,2015-12-30T11:29:25+00:00
/oikcom/oik_api/e/,,3.859270,5.5.18,1402,4114,299,37,414,58,28,14,79,,,,fe80::14f0:845:ee8a:2657,3.859179,2015-12-30T11:29:29+00:00
/oikcom/2013/12/escaped-shortcodes-unexpectedly-expanded-get_the_excerpt/wp-admin/admin-ajax.php,,1.951315,5.5.18,1402,3909,293,37,400,58,28,14,48,,,,fe80::14f0:845:ee8a:2657,1.951221,2015-12-30T11:29:31+00:00
/oikcom/tutorials/,,2.724560,5.5.18,1402,4206,300,37,428,58,28,14,118,,,,fe80::14f0:845:ee8a:2657,2.724467,2015-12-30T11:29:34+00:00
/oikcom/oik_api/p/,,4.934503,5.5.18,1402,4114,299,37,414,58,28,14,92,,,,fe80::14f0:845:ee8a:2657,4.934411,2015-12-30T11:29:39+00:00
/oikcom/examples/,,2.465724,5.5.18,1402,4192,300,37,428,58,28,14,112,,,,fe80::14f0:845:ee8a:2657,2.465629,2015-12-30T11:29:41+00:00
/oikcom/oik-plugins/bbboing/,,2.191247,5.5.18,1402,4141,301,37,423,58,28,14,65,,,,fe80::14f0:845:ee8a:2657,2.191153,2015-12-30T11:29:44+00:00
/oikcom/oik-plugins/oik-bbpress-strip-tags-from-bbpress-forum-title-tooltips/,,2.637859,5.5.18,1402,4166,300,37,420,58,28,14,70,,,,fe80::14f0:845:ee8a:2657,2.637764,2015-12-30T11:29:46+00:00
/oikcom/oik_api/oik_attachment_fields_to_save/,,3.645784,5.5.18,1402,4114,299,37,414,58,28,14,81,,,,fe80::14f0:845:ee8a:2657,3.645687,2015-12-30T11:29:50+00:00
/oikcom/oik-plugins/oik-rwd/,,2.673494,5.5.18,1402,4163,300,37,420,58,28,14,70,,,,fe80::14f0:845:ee8a:2657,2.673399,2015-12-30T11:29:53+00:00
/oikcom/wordpress-plugins-from-oik-plugins/oik-base-plugin/oik-jquery-library/jquery-fancybox/jquery-fancybox-with-nivo-slider/,,2.439749,5.5.18,1402,4296,300,37,428,58,28,14,114,,,,fe80::14f0:845:ee8a:2657,2.439655,2015-12-30T11:29:55+00:00
/oikcom/oik-plugins/diy-oik/,,5.243020,5.5.18,1402,4172,300,37,421,58,28,14,74,,,,fe80::14f0:845:ee8a:2657,5.242925,2015-12-30T11:30:01+00:00
/oikcom/oik-plugins/oik-css/,,2.543940,5.5.18,1402,4198,300,37,421,58,28,14,66,,,,fe80::14f0:845:ee8a:2657,2.543841,2015-12-30T11:30:03+00:00
/oikcom/contact/contact-us/,,1.121969,5.5.18,1402,3736,293,37,374,58,28,14,17,,,,fe80::14f0:845:ee8a:2657,1.121864,2015-12-30T11:30:04+00:00
/oikcom/support/contact/contact-us/,,2.377363,5.5.18,1402,4255,300,37,428,58,28,14,80,,,,fe80::14f0:845:ee8a:2657,2.377267,2015-12-30T11:30:07+00:00
/oikcom/oik-plugins/us-tides/,,2.540255,5.5.18,1402,4220,300,37,422,58,28,14,66,,,,fe80::14f0:845:ee8a:2657,2.540161,2015-12-30T11:30:10+00:00
/oikcom/contact/stay-informed/,,1.113428,5.5.18,1402,3736,293,37,374,58,28,14,16,,,,fe80::14f0:845:ee8a:2657,1.113323,2015-12-30T11:30:11+00:00
/oikcom/support/stay-informed/,,2.025303,5.5.18,1402,3923,295,37,403,58,28,14,59,,,,fe80::14f0:845:ee8a:2657,2.025207,2015-12-30T11:30:13+00:00
/oikcom/about-oik-plugins-lazy-smart-shortcodes/lazy-shortcodes/,,2.035407,5.5.18,1402,3925,295,37,404,58,28,14,58,,,,fe80::14f0:845:ee8a:2657,2.035308,2015-12-30T11:30:15+00:00
/oikcom/oik-plugins/oik-user/,,2.405166,5.5.18,1402,4233,300,37,421,58,28,14,69,,,,fe80::14f0:845:ee8a:2657,2.405072,2015-12-30T11:30:18+00:00
/oikcom/wordpress-plugins-from-oik-plugins/oik-base-plugin-2/oik-faq/,,1.118697,5.5.18,1402,3736,293,37,374,58,28,14,16,,,,fe80::14f0:845:ee8a:2657,1.118588,2015-12-30T11:30:19+00:00
/oikcom/oik/oik-faq/,,2.525939,5.5.18,1402,4267,300,37,426,58,28,14,91,,,,fe80::14f0:845:ee8a:2657,2.525845,2015-12-30T11:30:21+00:00
/oikcom/apis/,,3.640267,5.5.18,1402,4094,295,37,413,58,28,14,130,,,,fe80::14f0:845:ee8a:2657,3.640173,2015-12-30T11:30:25+00:00
/oikcom/wordpress-plugins-from-oik-plugins/premium-oik-plugins/,,2.924166,5.5.18,1402,4016,295,37,410,58,28,14,133,,,,fe80::14f0:845:ee8a:2657,2.924068,2015-12-30T11:30:28+00:00
/oikcom/blog/,,2.610734,5.5.18,1402,3923,295,37,403,58,28,14,85,,,,fe80::14f0:845:ee8a:2657,2.610641,2015-12-30T11:30:31+00:00
/oikcom/apis/oik-trace-apis/,,2.946648,5.5.18,1402,4125,295,37,414,58,28,14,78,,,,fe80::14f0:845:ee8a:2657,2.946552,2015-12-30T11:30:34+00:00
/oikcom/oik-plugins/oik-buddypress-signup-email/,,2.516883,5.5.18,1402,4112,300,37,417,58,28,14,66,,,,fe80::14f0:845:ee8a:2657,2.516778,2015-12-30T11:30:37+00:00
/oikcom/2012/12/fix-for-warning-json_encode-expects-exactly-1-parameter-2-given/,,2.281456,5.5.18,1402,4045,295,37,410,58,28,14,62,,,,fe80::14f0:845:ee8a:2657,2.281355,2015-12-30T11:30:39+00:00
/oikcom/contact/sitemap/,,1.124228,5.5.18,1402,3736,293,37,374,58,28,14,16,,,,fe80::14f0:845:ee8a:2657,1.124122,2015-12-30T11:30:40+00:00
/oikcom/support/sitemap/,,5.236941,5.5.18,1402,4153,300,37,422,58,28,14,535,,,,fe80::14f0:845:ee8a:2657,5.236670,2015-12-30T11:30:46+00:00
/oikcom/about-oik-plugins-lazy-smart-shortcodes/smart-shortcodes/,,1.912628,5.5.18,1402,4006,295,37,405,58,28,14,58,,,,fe80::14f0:845:ee8a:2657,1.912533,2015-12-30T11:30:47+00:00
/oikcom/oik-plugins/oik-edd/,,2.248521,5.5.18,1402,4209,300,37,422,58,28,14,65,,,,fe80::14f0:845:ee8a:2657,2.248428,2015-12-30T11:30:50+00:00
/oikcom/oik-plugins/oik-plugins-wordpress-plugins-server/,,2.405884,5.5.18,1402,4287,300,37,426,58,28,14,74,,,,fe80::14f0:845:ee8a:2657,2.405788,2015-12-30T11:30:52+00:00
/oikcom/wordpress-plugins-from-oik-plugins/oik-base-plugin/,,2.240113,5.5.18,1402,4240,300,37,424,58,28,14,93,,,,fe80::14f0:845:ee8a:2657,2.240018,2015-12-30T11:30:55+00:00
/oikcom/oik-plugins/oik-blogger-redirect/,,2.195495,5.5.18,1402,4112,300,37,417,58,28,14,65,,,,fe80::14f0:845:ee8a:2657,2.195401,2015-12-30T11:30:57+00:00
/oikcom/oik-plugins/oik-testimonials/,,2.838204,5.5.18,1402,4244,300,37,426,58,28,14,76,,,,fe80::14f0:845:ee8a:2657,2.838103,2015-12-30T11:31:00+00:00
/oikcom/wordpress-plugins-from-oik-plugins/oik-base-plugin-2/oik-donate/,,1.092740,5.5.18,1402,3736,293,37,374,58,28,14,16,,,,fe80::14f0:845:ee8a:2657,1.092633,2015-12-30T11:31:01+00:00
/oikcom/oik/oik-donate/,,2.256900,5.5.18,1402,4131,300,37,422,58,28,14,79,,,,fe80::14f0:845:ee8a:2657,2.256806,2015-12-30T11:31:04+00:00
/oikcom/oik_api/bw_trace_included_files/,,5.956137,5.5.18,1402,4089,299,37,409,58,28,14,99,,,,fe80::14f0:845:ee8a:2657,5.956044,2015-12-30T11:31:10+00:00
/oikcom/oik-plugins/oik-themes-wordpress-themes-server/,,2.653365,5.5.18,1402,4189,300,37,424,58,28,14,67,,,,fe80::14f0:845:ee8a:2657,2.653271,2015-12-30T11:31:11+00:00
/oikcom/oik-installation/,,1.100786,5.5.18,1402,3736,293,37,374,58,28,14,16,,,,fe80::14f0:845:ee8a:2657,1.100679,2015-12-30T11:31:13+00:00
/oikcom/oik/oik-installation/,,2.347377,5.5.18,1402,4128,300,37,420,58,28,14,79,,,,fe80::14f0:845:ee8a:2657,2.347284,2015-12-30T11:31:15+00:00
/oikcom/oik-plugins/oik-read-progressively-reveal-content/,,2.376555,5.5.18,1402,4225,300,37,423,58,28,14,64,,,,fe80::14f0:845:ee8a:2657,2.376461,2015-12-30T11:31:18+00:00
/oikcom/oik-plugins/oik-sc-help-shortcode-help-shortcodes/,,2.398695,5.5.18,1402,4123,300,37,419,58,28,14,66,,,,fe80::14f0:845:ee8a:2657,2.398600,2015-12-30T11:31:20+00:00
/oikcom/oik/oik-faq/,,2.494143,5.5.18,1402,4267,300,37,426,58,28,14,91,,,,fe80::14f0:845:ee8a:2657,2.494048,2015-12-30T11:31:23+00:00
/oikcom/oik-plugins/oik-mshot/,,2.383201,5.5.18,1402,4147,300,37,419,58,28,14,68,,,,fe80::14f0:845:ee8a:2657,2.383104,2015-12-30T11:31:25+00:00
/oikcom/oik-plugins/oik-debug-filters/,,2.369175,5.5.18,1402,4131,300,37,419,58,28,14,65,,,,fe80::14f0:845:ee8a:2657,2.369080,2015-12-30T11:31:28+00:00
/oikcom/oik-plugins/oik-batch/,,2.399233,5.5.18,1402,4140,300,37,418,58,28,14,67,,,,fe80::14f0:845:ee8a:2657,2.399139,2015-12-30T11:31:30+00:00
/oikcom/oik-plugins/oik-woo/,,2.432613,5.5.18,1402,4096,300,37,416,58,28,14,59,,,,fe80::14f0:845:ee8a:2657,2.432519,2015-12-30T11:31:33+00:00
/oikcom/oik-plugins/oik-responsive-menu-jquery-responsive-menu/,,2.381963,5.5.18,1402,4112,300,37,417,58,28,14,66,,,,fe80::14f0:845:ee8a:2657,2.381868,2015-12-30T11:31:35+00:00
/oikcom/oik-plugins/oik-clone-clone-your-wordpress-content/index.php,,1.101127,5.5.18,1402,3736,293,37,374,58,28,14,14,,,,fe80::14f0:845:ee8a:2657,1.101019,2015-12-30T11:31:36+00:00
/oikcom/oik-plugins/oik-clone-clone-your-wordpress-content/,,2.581483,5.5.18,1402,4247,300,37,424,58,28,14,77,,,,fe80::14f0:845:ee8a:2657,2.581385,2015-12-30T11:31:39+00:00
/oikcom/oik-plugins/oik-ms-oik-multisite-shortcodes/,,2.419756,5.5.18,1402,4214,300,37,421,58,28,14,64,,,,fe80::14f0:845:ee8a:2657,2.419662,2015-12-30T11:31:42+00:00
/oikcom/oik-plugins/oik-email-signature/,,2.558986,5.5.18,1402,4121,300,37,419,58,28,14,72,,,,fe80::14f0:845:ee8a:2657,2.558890,2015-12-30T11:31:44+00:00
/oikcom/oik-plugins/oik-popup-time-delayed-slide-content/,,2.387139,5.5.18,1402,4199,300,37,419,58,28,14,63,,,,fe80::14f0:845:ee8a:2657,2.387044,2015-12-30T11:31:47+00:00
/oikcom/oik-plugins/wordpress-core-functionality/,,2.364467,5.5.18,1402,4107,300,37,418,58,28,14,58,,,,fe80::14f0:845:ee8a:2657,2.364371,2015-12-30T11:31:49+00:00
/oikcom/wordpress-plugins-from-oik-plugins/oik-base-plugin-2/oik-paypal-buttons/,,1.137415,5.5.18,1402,3736,293,37,374,58,28,14,16,,,,fe80::14f0:845:ee8a:2657,1.137303,2015-12-30T11:31:51+00:00
/oikcom/oik/oik-paypal-buttons/,,2.198992,5.5.18,1402,4042,295,37,410,58,28,14,58,,,,fe80::14f0:845:ee8a:2657,2.198897,2015-12-30T11:31:53+00:00
/oikcom/oik-plugins/oik-window-width/,,2.338528,5.5.18,1402,4106,300,37,418,58,28,14,63,,,,fe80::14f0:845:ee8a:2657,2.338436,2015-12-30T11:31:55+00:00
/oikcom/wp-content/themes/genesis-oik/images/ui-bg_glass_65_ffffff_1x400.png,,1.909617,5.5.18,1402,3909,293,37,400,58,28,14,48,,,,fe80::14f0:845:ee8a:2657,1.909520,2015-12-30T11:31:57+00:00
/oikcom/oik-plugins/oik-sidebar-widget-wrangler-for-artisteer-themes/,,2.354655,5.5.18,1402,4112,300,37,417,58,28,14,66,,,,fe80::14f0:845:ee8a:2657,2.354554,2015-12-30T11:32:00+00:00
/oikcom/oik-plugins/oik-infusionsoft-sign-up-form/,,2.359726,5.5.18,1402,4112,300,37,417,58,28,14,64,,,,fe80::14f0:845:ee8a:2657,2.359631,2015-12-30T11:32:02+00:00
/oikcom/wp-content/themes/genesis-oik/images/ui-bg_glass_75_e6e6e6_1x400.png,,1.909448,5.5.18,1402,3909,293,37,400,58,28,14,48,,,,fe80::14f0:845:ee8a:2657,1.909354,2015-12-30T11:32:04+00:00
/oikcom/wp-content/themes/genesis-oik/images/ui-bg_flat_75_ffffff_40x100.png,,1.900161,5.5.18,1402,3909,293,37,400,58,28,14,48,,,,fe80::14f0:845:ee8a:2657,1.900064,2015-12-30T11:32:06+00:00
/oikcom/wordpress-plugins-from-oik-plugins/oik-base-plugin-2/oik-installation/,,1.106989,5.5.18,1402,3736,293,37,374,58,28,14,16,,,,fe80::14f0:845:ee8a:2657,1.106882,2015-12-30T11:32:08+00:00
/oikcom/oik/oik-installation/,,2.313407,5.5.18,1402,4128,300,37,420,58,28,14,79,,,,fe80::14f0:845:ee8a:2657,2.313310,2015-12-30T11:32:10+00:00
/oikcom/apple-touch-icon.png,,1.910850,5.5.18,1402,3909,293,37,400,58,28,14,48,,,,fe80::14f0:845:ee8a:2657,1.910759,2015-12-30T11:32:12+00:00
/oikcom/oik-plugins/oik-video-bw_video-shortcode/,,2.392873,5.5.18,1402,4133,300,37,420,58,28,14,69,,,,fe80::14f0:845:ee8a:2657,2.392777,2015-12-30T11:32:15+00:00
/oikcom/oik-plugins/oik-tunes/,,2.346151,5.5.18,1402,4112,300,37,417,58,28,14,66,,,,fe80::14f0:845:ee8a:2657,2.346057,2015-12-30T11:32:17+00:00
/oikcom/wp-content/themes/genesis-oik/images/ui-icons_888888_256x240.png,,1.985841,5.5.18,1402,3909,293,37,400,58,28,14,48,,,,fe80::14f0:845:ee8a:2657,1.985723,2015-12-30T11:32:19+00:00
/oikcom/oik-plugins/oik-dates-custom-date-fields/,,2.396962,5.5.18,1402,4227,300,37,420,58,28,14,68,,,,fe80::14f0:845:ee8a:2657,2.396867,2015-12-30T11:32:22+00:00
/oikcom/oik-plugins/oik-squeeze/,,2.366030,5.5.18,1402,4112,300,37,417,58,28,14,65,,,,fe80::14f0:845:ee8a:2657,2.365932,2015-12-30T11:32:24+00:00
/oikcom/oik-plugins/oik-header-custom-header-image/,,2.373822,5.5.18,1402,4144,300,37,419,58,28,14,66,,,,fe80::14f0:845:ee8a:2657,2.373725,2015-12-30T11:32:27+00:00
/oikcom/apis/oik-fields-apis/,,2.723836,5.5.18,1402,4217,300,37,427,58,28,14,96,,,,fe80::14f0:845:ee8a:2657,2.723740,2015-12-30T11:32:30+00:00
/oikcom/wordpress-themes-oik-plugins/free-themes/,,2.139567,5.5.18,1402,4009,295,37,411,58,28,14,71,,,,fe80::14f0:845:ee8a:2657,2.139469,2015-12-30T11:32:32+00:00
/oikcom/oik/,,2.867759,5.5.18,1402,4277,300,37,428,58,28,14,121,,,,fe80::14f0:845:ee8a:2657,2.867648,2015-12-30T11:32:35+00:00
/oikcom/oik-plugins/oik-workingfeedback-testimonials/,,2.481703,5.5.18,1402,4146,300,37,420,58,28,14,64,,,,fe80::14f0:845:ee8a:2657,2.481604,2015-12-30T11:32:37+00:00
/oikcom/oik-plugins/oik-post-type-support/,,2.424112,5.5.18,1402,4266,300,37,422,58,28,14,74,,,,fe80::14f0:845:ee8a:2657,2.424015,2015-12-30T11:32:40+00:00
/oikcom/wordpress-plugins-from-oik-plugins/oik-base-plugin-2/oik-svn/,,1.109701,5.5.18,1402,3736,293,37,374,58,28,14,16,,,,fe80::14f0:845:ee8a:2657,1.109591,2015-12-30T11:32:41+00:00
/oikcom/oik/oik-svn/,,2.413846,5.5.18,1402,4161,300,37,423,58,28,14,91,,,,fe80::14f0:845:ee8a:2657,2.413750,2015-12-30T11:32:44+00:00
/oikcom/oik-plugins/oik-presentation/,,2.361196,5.5.18,1402,4140,300,37,418,58,28,14,68,,,,fe80::14f0:845:ee8a:2657,2.361096,2015-12-30T11:32:46+00:00
/oikcom/2014/10/fix-unresponsive-menu-button-child-themes-twentytwelve/,,3.093398,5.5.18,1402,4095,296,37,411,58,28,14,72,,,,fe80::14f0:845:ee8a:2657,3.093302,2015-12-30T11:32:49+00:00
/oikcom/wordpress-themes-oik-plugins/bespoke-themes/,,2.134751,5.5.18,1402,3991,295,37,408,58,28,14,69,,,,fe80::14f0:845:ee8a:2657,2.134656,2015-12-30T11:32:52+00:00
/oikcom/wordpress-themes-oik-plugins/premium-themes/,,2.141404,5.5.18,1402,3955,295,37,406,58,28,14,60,,,,fe80::14f0:845:ee8a:2657,2.141308,2015-12-30T11:32:54+00:00
/oikcom/wordpress-plugins-from-oik-plugins/wordpress-plugins/oik-nivo-slider/nivo-settings/nivo-slider-transition-effects/,,2.650221,5.5.18,1402,4161,300,37,423,58,28,14,110,,,,fe80::14f0:845:ee8a:2657,2.650123,2015-12-30T11:32:57+00:00
/oikcom/oik-plugins/oik-fum-flexible-update-manager/,,2.372610,5.5.18,1402,4131,300,37,419,58,28,14,71,,,,fe80::14f0:845:ee8a:2657,2.372516,2015-12-30T11:32:59+00:00
/oikcom/oik-plugins/foobar-least-amazing-plugin-world/,,2.362710,5.5.18,1402,4112,300,37,417,58,28,14,64,,,,fe80::14f0:845:ee8a:2657,2.362615,2015-12-30T11:33:02+00:00
/oikcom/wordpress-plugins-from-oik-plugins/oik-base-plugin-2/oik-plugins-github/,,1.161380,5.5.18,1402,3736,293,37,374,58,28,14,16,,,,fe80::14f0:845:ee8a:2657,1.161263,2015-12-30T11:33:03+00:00
/oikcom/oik/oik-plugins-github/,,2.662027,5.5.18,1402,4148,300,37,421,58,28,14,75,,,,fe80::14f0:845:ee8a:2657,2.661927,2015-12-30T11:33:06+00:00
/oikcom/apple-touch-icon-precomposed.png,,2.306681,5.5.18,1402,3909,293,37,400,58,28,14,48,,,,fe80::14f0:845:ee8a:2657,2.306576,2015-12-30T11:33:08+00:00
/oikcom/checkout/,,2.251488,5.5.18,1402,3920,295,37,403,58,28,14,54,,,,fe80::14f0:845:ee8a:2657,2.251388,2015-12-30T11:33:11+00:00
/oikcom/downloads/external-link-warning-jquery/,,2.274475,5.5.18,1402,4012,295,37,408,58,28,14,69,,,,fe80::14f0:845:ee8a:2657,2.274378,2015-12-30T11:33:13+00:00
/oikcom/wordpress-plugins-from-oik-plugins/oik-base-plugin/oik-options/oik-options-buttons/oik-button-for-bw_button-shortcode/,,2.509067,5.5.18,1402,4267,300,37,427,58,28,14,98,,,,fe80::14f0:845:ee8a:2657,2.508971,2015-12-30T11:33:16+00:00
/oikcom/oik-plugins/oik-todo-todo-list/,,2.393337,5.5.18,1402,4140,300,37,418,58,28,14,72,,,,fe80::14f0:845:ee8a:2657,2.393240,2015-12-30T11:33:18+00:00
/oikcom/tag/register/,,1.988320,5.5.18,1402,3917,293,37,401,58,28,14,58,,,,fe80::14f0:845:ee8a:2657,1.988225,2015-12-30T11:33:20+00:00
/oikcom/oik_shortcodes/bw_navi/,,2.358774,5.5.18,1402,4176,301,37,421,58,28,14,72,,,,fe80::14f0:845:ee8a:2657,2.358676,2015-12-30T11:33:23+00:00
/oikcom/oik_api/etag/,,3.431468,5.5.18,1402,4114,299,37,414,58,28,14,77,,,,fe80::14f0:845:ee8a:2657,3.431377,2015-12-30T11:33:26+00:00
/oikcom/oik-plugins/third-contact-plugin/,,2.384237,5.5.18,1402,4140,300,37,418,58,28,14,66,,,,fe80::14f0:845:ee8a:2657,2.384143,2015-12-30T11:33:29+00:00
/oikcom/apis/oik-batchmove-apis/,,3.282036,5.5.18,1402,4222,300,37,428,58,28,14,97,,,,fe80::14f0:845:ee8a:2657,3.281944,2015-12-30T11:33:32+00:00
/oikcom/oik_api/bw_format_nivo_nggallery/wp-admin/admin-ajax.php,,1.912796,5.5.18,1402,3909,293,37,400,58,28,14,48,,,,fe80::14f0:845:ee8a:2657,1.912700,2015-12-30T11:33:34+00:00
/oikcom/oik-plugins/oik-rating/,,2.424325,5.5.18,1402,4140,300,37,418,58,28,14,68,,,,fe80::14f0:845:ee8a:2657,2.424224,2015-12-30T11:33:37+00:00
/oikcom/wordpress-plugins-from-oik-plugins/wordpress-plugins/oik-nivo-slider/nivo-slider-defined-slide-order/,,2.598359,5.5.18,1402,4182,300,37,423,58,28,14,107,,,,fe80::14f0:845:ee8a:2657,2.597906,2015-12-30T11:33:40+00:00
/oikcom/downloads/multi-rate-weightcountry-shipping-for-woocommerce/,,2.155764,5.5.18,1402,3981,295,37,408,58,28,14,63,,,,fe80::14f0:845:ee8a:2657,2.155667,2015-12-30T11:33:42+00:00
/oikcom/sitemap_index.xml,,2.172355,5.5.18,1402,3955,295,37,405,58,28,14,64,,,,fe80::14f0:845:ee8a:2657,2.172262,2015-12-30T11:33:44+00:00
/oikcom/wordpress-plugins-from-oik-plugins/oik-base-plugin/oik-css/,,2.450195,5.5.18,1402,4122,300,37,419,58,28,14,92,,,,fe80::14f0:845:ee8a:2657,2.450094,2015-12-30T11:33:47+00:00
/oikcom/apis/plugins/api-list/,,2.879597,5.5.18,1402,4145,300,37,422,58,28,14,87,,,,fe80::14f0:845:ee8a:2657,2.879501,2015-12-30T11:33:50+00:00
/oikcom/2013/12/escaped-shortcodes-unexpectedly-expanded-get_the_excerpt/,,4.660613,5.5.18,1402,4206,297,37,415,58,28,14,136,,,,fe80::14f0:845:ee8a:2657,4.660518,2015-12-30T11:33:55+00:00
/oikcom/downloads/do-it-yourself-diy-shortcodes/,,2.079177,5.5.18,1402,3972,295,37,407,58,28,14,62,,,,fe80::14f0:845:ee8a:2657,2.079082,2015-12-30T11:33:57+00:00
/oikcom/oik_api/bw_ret/,,3.421053,5.5.18,1402,4114,299,37,414,58,28,14,72,,,,fe80::14f0:845:ee8a:2657,3.420962,2015-12-30T11:34:00+00:00
/oikcom/request-an-api-key/,,1.099292,5.5.18,1402,3736,293,37,374,58,28,14,16,,,,fe80::14f0:845:ee8a:2657,1.099185,2015-12-30T11:34:02+00:00
/oikcom/support/request-an-api-key/,,2.024840,5.5.18,1402,3940,295,37,405,58,28,14,59,,,,fe80::14f0:845:ee8a:2657,2.024745,2015-12-30T11:34:04+00:00
/oikcom/downloads/us-saltwater-tide-times-and-heights/,,2.158008,5.5.18,1402,4011,295,37,409,58,28,14,65,,,,fe80::14f0:845:ee8a:2657,2.157911,2015-12-30T11:34:06+00:00
/oikcom/shortcode_example/bw_table-showing-non-oik-plugins/,,2.326453,5.5.18,1402,4196,301,37,426,58,28,14,71,,,,fe80::14f0:845:ee8a:2657,2.326363,2015-12-30T11:34:08+00:00
/oikcom/oik_api/bw_skv/,,2.922694,5.5.18,1402,4116,299,37,416,58,28,14,68,,,,fe80::14f0:845:ee8a:2657,2.922602,2015-12-30T11:34:11+00:00
/oikcom/oik_pluginversion/oik-bwtrace-v2-0-8/,,2.069569,5.5.18,1402,4213,300,37,421,58,28,14,86,,,,fe80::14f0:845:ee8a:2657,2.069469,2015-12-30T11:34:14+00:00
/oikcom/wordpress-plugins-from-oik-plugins/wordpress-plugins/oik-nivo-slider/responsive-nivo-slider/,,2.191743,5.5.18,1402,4254,300,37,424,58,28,14,103,,,,fe80::14f0:845:ee8a:2657,2.191646,2015-12-30T11:34:16+00:00
/oikcom/wordpress-plugins-from-oik-plugins/wordpress-plugins/oik-nivo-slider/oik-nivo-slider-themes/,,2.217223,5.5.18,1402,4269,301,37,427,58,28,14,105,,,,fe80::14f0:845:ee8a:2657,2.217127,2015-12-30T11:34:18+00:00
/oikcom/oik_api/oik_require/,,3.269283,5.5.18,1402,4114,299,37,414,58,28,14,77,,,,fe80::14f0:845:ee8a:2657,3.269190,2015-12-30T11:34:22+00:00
/oikcom/oik_pluginversion/oik-user-v0-5-1/,,1.900662,5.5.18,1402,4098,300,37,418,58,28,14,76,,,,fe80::14f0:845:ee8a:2657,1.900570,2015-12-30T11:34:24+00:00
/oikcom/oik_api/stag/,,4.576323,5.5.18,1402,4114,299,37,414,58,28,14,86,,,,fe80::14f0:845:ee8a:2657,4.576228,2015-12-30T11:34:28+00:00
/oikcom/wordpress-plugins-from-oik-plugins/wordpress-plugins/oik-nivo-slider/oik-nivo-slider-faq/oik-nivo-slider-thumbnail-parameter/images-attached-to-related-pages/child-page-2-for-nivo-thumbnail-parameter-example/,,2.224678,5.5.18,1402,4138,300,37,420,58,28,14,110,,,,fe80::14f0:845:ee8a:2657,2.224582,2015-12-30T11:34:31+00:00
/oikcom/wordpress-plugins-from-oik-plugins/oik-weightcountry-shipping-faqs/,,2.167401,5.5.18,1402,4149,300,37,421,58,28,14,107,,,,fe80::14f0:845:ee8a:2657,2.167307,2015-12-30T11:34:33+00:00
/oikcom/oik_pluginversion/oik-window-width-v0-1-1/,,1.901260,5.5.18,1402,4094,300,37,417,58,28,14,73,,,,fe80::14f0:845:ee8a:2657,1.901151,2015-12-30T11:34:35+00:00
/oikcom/oik_api/bw_backtrace/,,2.678534,5.5.18,1402,4114,299,37,414,58,28,14,74,,,,fe80::14f0:845:ee8a:2657,2.678442,2015-12-30T11:34:38+00:00
/oikcom/apis/plugins/shortcodes-and-apis/,,2.713829,5.5.18,1402,3983,295,37,409,58,28,14,121,,,,fe80::14f0:845:ee8a:2657,2.713735,2015-12-30T11:34:41+00:00
/oikcom/oik-plugins/oik-libs-shared-library-repository/,,2.090939,5.5.18,1402,4106,300,37,418,58,28,14,63,,,,fe80::14f0:845:ee8a:2657,2.090843,2015-12-30T11:34:43+00:00
/oikcom/author/vsgloik/,,2.408059,5.5.18,1402,3952,295,37,406,58,28,14,84,,,,fe80::14f0:845:ee8a:2657,2.407962,2015-12-30T11:34:46+00:00
/oikcom/privacy-policy/,,1.237099,5.5.18,1402,3736,293,37,374,58,28,14,16,,,,fe80::14f0:845:ee8a:2657,1.236993,2015-12-30T11:34:47+00:00
/oikcom/support/privacy-policy/,,1.945042,5.5.18,1402,3931,295,37,405,58,28,14,57,,,,fe80::14f0:845:ee8a:2657,1.944724,2015-12-30T11:34:49+00:00
/oikcom/oik/oik-donate/,,2.142840,5.5.18,1402,4131,300,37,422,58,28,14,79,,,,fe80::14f0:845:ee8a:2657,2.142702,2015-12-30T11:34:51+00:00
/oikcom/oik,,1.205668,5.5.18,1402,3736,293,37,374,58,28,14,14,,,,fe80::14f0:845:ee8a:2657,1.205560,2015-12-30T11:34:53+00:00
/oikcom/oik/,,2.749718,5.5.18,1402,4277,300,37,428,58,28,14,121,,,,fe80::14f0:845:ee8a:2657,2.749620,2015-12-30T11:34:55+00:00
/oikcom/downloads/oik-popup-time-delayed-slide-content/,,1.954177,5.5.18,1402,4100,295,37,412,58,28,14,62,,,,fe80::14f0:845:ee8a:2657,1.954075,2015-12-30T11:34:58+00:00
/oikcom/oik_api/alink/,,4.701364,5.5.18,1402,4114,299,37,414,58,28,14,90,,,,fe80::14f0:845:ee8a:2657,4.701269,2015-12-30T11:35:02+00:00
/oikcom/oik_api/add_action/,,4.473219,5.5.18,1402,4160,299,37,416,58,28,14,124,,,,fe80::14f0:845:ee8a:2657,4.473105,2015-12-30T11:35:07+00:00
/oikcom/apis/oik-batch-apis/,,4.474271,5.5.18,1402,4222,300,37,428,58,28,14,93,,,,fe80::14f0:845:ee8a:2657,4.474179,2015-12-30T11:35:12+00:00
/oikcom/shortcode_example/most-recent-work/,,2.911617,5.5.18,1402,4231,301,37,426,58,28,14,68,,,,fe80::14f0:845:ee8a:2657,2.911524,2015-12-30T11:35:15+00:00
/oikcom/wordpress-plugins-from-oik-plugins/oik-base-plugin/oik-jquery-library/jquery-fancybox/jquery-fancybox-with-gallery-shortcode/,,2.380853,5.5.18,1402,4257,300,37,426,58,28,14,115,,,,fe80::14f0:845:ee8a:2657,2.380753,2015-12-30T11:35:17+00:00
/oikcom/wordpress-plugins-from-oik-plugins/wordpress-plugins/oik-nivo-slider/oik-nivo-slider-themes/oik-nivo-slider-theme-bar/,,2.342210,5.5.18,1402,4171,300,37,423,58,28,14,117,,,,fe80::14f0:845:ee8a:2657,2.342108,2015-12-30T11:35:20+00:00
/oikcom/comments/feed/,,1.449041,5.5.18,1402,3799,293,37,379,58,28,14,32,,,,fe80::14f0:845:ee8a:2657,1.448946,2015-12-30T11:35:21+00:00
/oikcom/wordpress-plugins-from-oik-plugins/wordpress-plugins/uk-tides/,,2.831894,5.5.18,1402,4258,300,37,427,58,28,14,143,,,,fe80::14f0:845:ee8a:2657,2.831797,2015-12-30T11:35:24+00:00
/oikcom/tutorials/recover-from-a-wordpress-fatal-error-using-your-sites-control-panel-cpanel/,,2.260374,5.5.18,1402,3909,293,37,400,58,28,14,48,,,,fe80::14f0:845:ee8a:2657,2.260276,2015-12-30T11:35:27+00:00
/oikcom/wordpress-plugins-from-oik-plugins/wordpress-plugins/oik-nivo-slider/nivo-settings/nivo-slider-transition-effects/nivo-slider-effectslicedownright/,,3.079361,5.5.18,1402,4161,300,37,421,58,28,14,214,,,,fe80::14f0:845:ee8a:2657,3.079261,2015-12-30T11:35:30+00:00
/oikcom/wordpress-plugins-from-oik-plugins/oik-base-plugin-2/,,2.034033,5.5.18,1402,3909,293,37,400,58,28,14,48,,,,fe80::14f0:845:ee8a:2657,2.033843,2015-12-30T11:35:32+00:00
/oikcom/wordpress-plugins-from-oik-plugins/wordpress-plugins/oik-nivo-slider/jquery-nivo-version-3-1/,,2.411439,5.5.18,1402,4182,300,37,423,58,28,14,104,,,,fe80::14f0:845:ee8a:2657,2.411340,2015-12-30T11:35:35+00:00
/oikcom//wp-admin/admin-ajax.php,,1.395698,5.5.18,1402,3923,314,37,426,58,28,14,18,,,,fe80::14f0:845:ee8a:2657,1.395610,2015-12-30T11:35:36+00:00
/oikcom/oik/oik-svn/,,2.163770,5.5.18,1402,4161,300,37,423,58,28,14,91,,,,fe80::14f0:845:ee8a:2657,2.163675,2015-12-30T11:35:38+00:00
/oikcom/oik_shortcodes/bw_codes/,,3.783206,5.5.18,1402,4901,300,37,500,58,28,14,69,,,,fe80::14f0:845:ee8a:2657,3.783111,2015-12-30T11:35:42+00:00
/oikcom/oik_api/bw_trace/,,2.695299,5.5.18,1402,4114,299,37,414,58,28,14,74,,,,fe80::14f0:845:ee8a:2657,2.695207,2015-12-30T11:35:45+00:00
/oikcom/oik-weightcountry-shipping-basic-user-guide/,,2.102002,5.5.18,1402,4167,300,37,424,58,28,14,83,,,,fe80::14f0:845:ee8a:2657,2.101904,2015-12-30T11:35:47+00:00
/oikcom/examples/how-to-create-a-contact-page-using-oik-and-jetpack/jetpack-contact-field-shortcode-country-select-list/,,2.131123,5.5.18,1402,4165,301,37,423,58,28,14,81,,,,fe80::14f0:845:ee8a:2657,2.131029,2015-12-30T11:35:50+00:00
/oikcom/2012/08/oik-nivo-slider-thumbnail-parameter-examples/,,1.875837,5.5.18,1402,4002,295,37,409,58,28,14,64,,,,fe80::14f0:845:ee8a:2657,1.875386,2015-12-30T11:35:52+00:00
/oikcom/oik_premiumversion/oik-plugins-v1-15-4/,,1.953251,5.5.18,1402,4181,300,37,419,58,28,14,73,,,,fe80::14f0:845:ee8a:2657,1.953156,2015-12-30T11:35:54+00:00
/oikcom/shortcodes/wp-admin/admin-ajax.php,,1.673331,5.5.18,1402,3909,293,37,400,58,28,14,48,,,,fe80::14f0:845:ee8a:2657,1.673234,2015-12-30T11:35:56+00:00
/oikcom/wp-content/themes/genesis-oik/images/ui-bg_glass_75_dadada_1x400.png,,1.755223,5.5.18,1402,3909,293,37,400,58,28,14,48,,,,fe80::14f0:845:ee8a:2657,1.755122,2015-12-30T11:35:57+00:00
/oikcom/oik/oik-installation/,,2.200364,5.5.18,1402,4128,300,37,420,58,28,14,79,,,,fe80::14f0:845:ee8a:2657,2.200269,2015-12-30T11:36:00+00:00
/oikcom/wordpress-plugins-from-oik-plugins/wordpress-plugins/oik-nivo-slider/oik-nivo-slider-themes/oik-nivo-slider-theme-light/,,2.363700,5.5.18,1402,4185,300,37,425,58,28,14,117,,,,fe80::14f0:845:ee8a:2657,2.363605,2015-12-30T11:36:02+00:00
/oikcom/oik-faq/fix-shipping-methods-found-message/,,1.866936,5.5.18,1402,3975,295,37,408,58,28,14,57,,,,fe80::14f0:845:ee8a:2657,1.866839,2015-12-30T11:36:04+00:00
/oikcom/apis/plugins/files-plugin/,,3.183606,5.5.18,1402,4149,300,37,423,58,28,14,120,,,,fe80::14f0:845:ee8a:2657,3.183510,2015-12-30T11:36:08+00:00
/oikcom/oik_api/bw_file_to_url/,,3.971969,5.5.18,1402,4114,299,37,414,58,28,14,80,,,,fe80::14f0:845:ee8a:2657,3.971871,2015-12-30T11:36:12+00:00
/oikcom/tutorials/oik-privacy-policy-and-cookie-cat-tutorial/,,1.741186,5.5.18,1402,3927,295,37,403,58,28,14,59,,,,fe80::14f0:845:ee8a:2657,1.741089,2015-12-30T11:36:14+00:00
/oikcom/oik_api/oik_cpt_edit_type_fields/,,6.527310,5.5.18,1402,4091,299,37,411,58,28,14,106,,,,fe80::14f0:845:ee8a:2657,6.527219,2015-12-30T11:36:20+00:00
/oikcom/oik_pluginversion/oik-ms-v0-2-1/,,2.139874,5.5.18,1402,4181,300,37,419,58,28,14,73,,,,fe80::14f0:845:ee8a:2657,2.139778,2015-12-30T11:36:21+00:00
/oikcom/oik_shortcodes/bw_accordion/,,2.285328,5.5.18,1402,4186,300,37,420,58,28,14,77,,,,fe80::14f0:845:ee8a:2657,2.285232,2015-12-30T11:36:23+00:00
/oikcom/oik_shortcodes/bw_users/,,2.245815,5.5.18,1402,4172,300,37,420,58,28,14,72,,,,fe80::14f0:845:ee8a:2657,2.245705,2015-12-30T11:36:26+00:00
/oikcom/wordpress-plugins-from-oik-plugins/wordpress-plugins/oik-nivo-slider/oik-nivo-slider/,,2.769737,5.5.18,1402,4186,300,37,424,58,28,14,174,,,,fe80::14f0:845:ee8a:2657,2.769642,2015-12-30T11:36:29+00:00
/oikcom/wordpress-plugins-from-oik-plugins/free-oik-plugins/oik-trace-plugin/,,4.530605,5.5.18,1402,4279,300,37,426,58,28,14,149,,,,fe80::14f0:845:ee8a:2657,4.530506,2015-12-30T11:36:33+00:00
/oikcom/wordpress-plugins-from-oik-plugins/wordpress-plugins/oik-nivo-slider/responsive-nivo-slider/responsive-nivo-slider-captions/,,2.773443,5.5.18,1402,4278,301,37,428,58,28,14,124,,,,fe80::14f0:845:ee8a:2657,2.773348,2015-12-30T11:36:36+00:00
/oikcom/oik/oik-changelog/,,2.414372,5.5.18,1402,3987,295,37,409,58,28,14,62,,,,fe80::14f0:845:ee8a:2657,2.414275,2015-12-30T11:36:44+00:00
/oikcom/wordpress-plugins-from-oik-plugins/wordpress-plugins/oik-nivo-slider/getting-started-with-oik-nivo-slider/,,2.899412,5.5.18,1402,4219,300,37,423,58,28,14,155,,,,fe80::14f0:845:ee8a:2657,2.899316,2015-12-30T11:36:47+00:00
/oikcom/oik_api/bw_get_posts/,,11.798345,5.5.18,1402,4027,299,37,400,58,28,14,129,,,,fe80::14f0:845:ee8a:2657,11.798257,2015-12-30T11:36:48+00:00
/oikcom/oik_shortcodes/bw_block/,,2.481541,5.5.18,1402,4169,300,37,420,58,28,14,71,,,,fe80::14f0:845:ee8a:2657,2.481446,2015-12-30T11:36:49+00:00
/oikcom/tutorials/recover-from-a-wordpress-fatal-error-using-your-wesites-control-panel-cpanel/,,2.446512,5.5.18,1402,4132,300,37,420,58,28,14,73,,,,fe80::14f0:845:ee8a:2657,2.446415,2015-12-30T11:36:52+00:00
/oikcom/2014/03/weight-country-shipping-woocommerce-extension-plugin/,,2.240057,5.5.18,1402,4071,295,37,408,58,28,14,71,,,,fe80::14f0:845:ee8a:2657,2.239961,2015-12-30T11:36:54+00:00
/oikcom/wordpress-plugins-from-oik-plugins/wordpress-plugins/oik-nivo-slider/oik-nivo-slider-themes/oik-nivo-slider-theme-orman/,,2.691360,5.5.18,1402,4186,301,37,426,58,28,14,118,,,,fe80::14f0:845:ee8a:2657,2.691264,2015-12-30T11:36:57+00:00
/oikcom/2015/10/total-downloads-from-wordpress-org-recently-passed-250000/,,2.439476,5.5.18,1402,4138,300,37,422,58,28,14,74,,,,fe80::14f0:845:ee8a:2657,2.439380,2015-12-30T11:37:00+00:00
/oikcom/wordpress-plugins-from-oik-plugins/wordpress-plugins/oik-nivo-slider/,,2.859751,5.5.18,1402,4199,300,37,424,58,28,14,152,,,,fe80::14f0:845:ee8a:2657,2.859654,2015-12-30T11:37:03+00:00
/oikcom/oik_shortcodes/bw_contact_form/,,2.406912,5.5.18,1402,4164,300,37,419,58,28,14,70,,,,fe80::14f0:845:ee8a:2657,2.406817,2015-12-30T11:37:05+00:00
/oikcom/apis/oik-plugins-apis/,,2.704277,5.5.18,1402,4205,300,37,427,58,28,14,88,,,,fe80::14f0:845:ee8a:2657,2.704185,2015-12-30T11:37:08+00:00
/oikcom/wordpress-plugins-from-oik-plugins/wordpress-plugins/bbboing/,,2.493862,5.5.18,1402,4238,300,37,425,58,28,14,89,,,,fe80::14f0:845:ee8a:2657,2.493767,2015-12-30T11:37:11+00:00
/oikcom/shortcode_example/bw_directions-shortcode-to-get-google-directions/,,2.349992,5.5.18,1402,4177,301,37,422,58,28,14,65,,,,fe80::14f0:845:ee8a:2657,2.349891,2015-12-30T11:37:13+00:00
/oikcom/getting-started-with-oik-plugins/,,1.198040,5.5.18,1402,3736,293,37,374,58,28,14,16,,,,fe80::14f0:845:ee8a:2657,1.197933,2015-12-30T11:37:14+00:00
/oikcom/examples/getting-started-with-oik-plugins/,,2.134090,5.5.18,1402,3923,295,37,403,58,28,14,59,,,,fe80::14f0:845:ee8a:2657,2.133994,2015-12-30T11:37:17+00:00
/oikcom/wordpress-plugins-from-oik-plugins/wordpress-plugins/oik-nivo-slider/oik-nivo-slider-faq/displaying-a-news-slider/,,2.819507,5.5.18,1402,4298,301,37,432,58,28,14,139,,,,fe80::14f0:845:ee8a:2657,2.819412,2015-12-30T11:37:20+00:00
/oikcom/downloads/blogger-to-wordpress-redirection/,,2.180807,5.5.18,1402,3993,295,37,408,58,28,14,65,,,,fe80::14f0:845:ee8a:2657,2.180710,2015-12-30T11:37:22+00:00
/oikcom/2015/11/black-friday-cyber-monday/,,2.140377,5.5.18,1402,3938,295,37,404,58,28,14,59,,,,fe80::14f0:845:ee8a:2657,2.140281,2015-12-30T11:37:24+00:00
/oikcom/wordpress-plugins-from-oik-plugins/oik-base-plugin/oik-options/oik-options-overview/oik-options-overview-shortcode-options/,,2.547187,5.5.18,1402,4157,300,37,422,58,28,14,104,,,,fe80::14f0:845:ee8a:2657,2.547089,2015-12-30T11:37:27+00:00
/oikcom/oik_shortcodes/bw_cycle/,,2.859759,5.5.18,1402,4259,301,37,428,58,28,14,113,,,,fe80::14f0:845:ee8a:2657,2.859657,2015-12-30T11:37:30+00:00
/oikcom/wordpress-plugins-from-oik-plugins/oik-base-plugin/oik-jquery-library/jquery-fancybox/jquery-fancybox-with-hand-crafted-html/,,2.597608,5.5.18,1402,4257,300,37,426,58,28,14,111,,,,fe80::14f0:845:ee8a:2657,2.597513,2015-12-30T11:37:33+00:00
/oikcom/mad-mimi-landing/,,2.496088,5.5.18,1402,4130,300,37,421,58,28,14,99,,,,fe80::14f0:845:ee8a:2657,2.495991,2015-12-30T11:37:35+00:00
/oikcom/wordpress-plugins-from-oik-plugins/wordpress-plugins/oik-nivo-slider/nivo-settings/nivo-thumbs-parameter-for-thumbnail-navigation/,,2.580935,5.5.18,1402,4176,300,37,422,58,28,14,120,,,,fe80::14f0:845:ee8a:2657,2.580838,2015-12-30T11:37:38+00:00
/oikcom/apis/cookie-cat-apis/,,3.294315,5.5.18,1402,4234,300,37,428,58,28,14,91,,,,fe80::14f0:845:ee8a:2657,3.294206,2015-12-30T11:37:41+00:00
/oikcom/oik_hook/bw_jquery_script_url/,,2.167491,5.5.18,1402,3984,295,37,408,58,28,14,61,,,,fe80::14f0:845:ee8a:2657,2.167393,2015-12-30T11:37:44+00:00
/oikcom/oik_pluginversion/oik-v2-4/,,2.847102,5.5.18,1402,4336,300,37,424,58,28,14,89,,,,fe80::14f0:845:ee8a:2657,2.847004,2015-12-30T11:37:47+00:00
/oikcom/shortcode_example/bw_list-shortcode-list-posts-multiple-post-types/,,2.425557,5.5.18,1402,4179,301,37,422,58,28,14,63,,,,fe80::14f0:845:ee8a:2657,2.425466,2015-12-30T11:37:49+00:00
/oikcom/wordpress-plugins-from-oik-plugins/wordpress-plugins/oik-nivo-slider/oik-nivo-slider-themes/oik-nivo-slider-theme-dark/,,2.481532,5.5.18,1402,4167,300,37,422,58,28,14,106,,,,fe80::14f0:845:ee8a:2657,2.481436,2015-12-30T11:37:52+00:00
/oikcom/oik_hook/deprecated_constructor_trigger_error/,,2.148677,5.5.18,1402,3984,295,37,408,58,28,14,56,,,,fe80::14f0:845:ee8a:2657,2.148582,2015-12-30T11:37:54+00:00
/oikcom/oik_api/retlink/,,5.217712,5.5.18,1402,4089,299,37,409,58,28,14,94,,,,fe80::14f0:845:ee8a:2657,5.217625,2015-12-30T11:37:59+00:00
/oikcom/apis/oik-themes-apis/,,2.830140,5.5.18,1402,4156,300,37,421,58,28,14,83,,,,fe80::14f0:845:ee8a:2657,2.830043,2015-12-30T11:38:02+00:00
/oikcom/wordpress-plugins-from-oik-plugins/oik-base-plugin/oik-options/oik-options-plugins/oik-options-plugins-add-plugin/,,2.329369,5.5.18,1402,4153,300,37,421,58,28,14,101,,,,fe80::14f0:845:ee8a:2657,2.329273,2015-12-30T11:38:04+00:00
/oikcom/wordpress-plugins-from-oik-plugins/oik-base-plugin/oik-options/oik-options-buttons/oik-paypal/,,2.349137,5.5.18,1402,4252,300,37,425,58,28,14,98,,,,fe80::14f0:845:ee8a:2657,2.349042,2015-12-30T11:38:07+00:00
/oikcom/wordpress-plugins-from-oik-plugins/wordpress-plugins/oik-nivo-slider/oik-nivo-slider-faq/styling-the-oik-nivo-slider-caption/,,2.484772,5.5.18,1402,4284,301,37,430,58,28,14,123,,,,fe80::14f0:845:ee8a:2657,2.484674,2015-12-30T11:38:10+00:00
/oikcom/oik-themes/artisteer-template/,,2.070881,5.5.18,1402,4134,300,37,420,58,28,14,74,,,,fe80::14f0:845:ee8a:2657,2.070786,2015-12-30T11:38:12+00:00
/oikcom/wordpress-plugins-from-oik-plugins/wordpress-plugins/oik-nivo-slider/oik-nivo-slider-themes/oik-nivo-slider-theme-default/,,2.383488,5.5.18,1402,4186,301,37,426,58,28,14,117,,,,fe80::14f0:845:ee8a:2657,2.383393,2015-12-30T11:38:14+00:00
/oikcom/oik_shortcodes/bw_new/index.php,,1.048597,5.5.18,1402,3736,293,37,374,58,28,14,14,,,,fe80::14f0:845:ee8a:2657,1.048492,2015-12-30T11:38:15+00:00
/oikcom/oik_shortcodes/bw_new/,,2.098969,5.5.18,1402,4206,300,37,421,58,28,14,70,,,,fe80::14f0:845:ee8a:2657,2.098874,2015-12-30T11:38:18+00:00
/oikcom/wordpress-plugins-from-oik-plugins/oik-base-plugin/oik-jquery-library/jquery-cycle-all-library/,,2.395131,5.5.18,1402,4261,300,37,426,58,28,14,106,,,,fe80::14f0:845:ee8a:2657,2.395037,2015-12-30T11:38:20+00:00
/oikcom/shortcode_example/bw_codes-ordered-shortcode-name/,,4.007050,5.5.18,1402,4902,301,37,501,58,28,14,58,,,,fe80::14f0:845:ee8a:2657,4.006954,2015-12-30T11:38:24+00:00
/oikcom/oik_api/isubmit/,,2.792163,5.5.18,1402,4114,299,37,414,58,28,14,74,,,,fe80::14f0:845:ee8a:2657,2.792073,2015-12-30T11:38:27+00:00
/oikcom/author/bobbingwide/,,2.232613,5.5.18,1402,3954,295,37,404,58,28,14,78,,,,fe80::14f0:845:ee8a:2657,2.232521,2015-12-30T11:38:30+00:00
/oikcom/wordpress-plugins-from-oik-plugins/oik-base-plugin/oik-options/oik-options-buttons/,,2.932904,5.5.18,1402,4214,300,37,426,58,28,14,117,,,,fe80::14f0:845:ee8a:2657,2.932808,2015-12-30T11:38:33+00:00
/oikcom/apis/oik-privacy-policy-apis/,,3.021740,5.5.18,1402,4201,300,37,426,58,28,14,96,,,,fe80::14f0:845:ee8a:2657,3.021647,2015-12-30T11:38:36+00:00
/oikcom/examples/example-bw_table-to-tabulate-all-oik-plugins/,,2.209596,5.5.18,1402,4140,300,37,423,58,28,14,84,,,,fe80::14f0:845:ee8a:2657,2.209503,2015-12-30T11:38:38+00:00
/oikcom/wordpress-plugins-from-oik-plugins/wordpress-plugins/oik-nivo-slider/oik-nivo-slider-faq/nivo-slider-is-wider-than-my-images/,,2.502597,5.5.18,1402,4199,301,37,427,58,28,14,107,,,,fe80::14f0:845:ee8a:2657,2.502502,2015-12-30T11:38:41+00:00
/oikcom/wordpress-plugins-from-oik-plugins/free-oik-plugins/oik-email-signature-email-signature-generator/,,2.230665,5.5.18,1402,4122,300,37,419,58,28,14,99,,,,fe80::14f0:845:ee8a:2657,2.230568,2015-12-30T11:38:43+00:00
/oikcom/oik_pluginversion/oik-v2-5-alpha-0130/,,2.080222,5.5.18,1402,4191,300,37,419,58,28,14,81,,,,fe80::14f0:845:ee8a:2657,2.080126,2015-12-30T11:38:45+00:00
/oikcom/tutorials/oik-plugins-an-introduction/,,2.141993,5.5.18,1402,4211,300,37,422,58,28,14,73,,,,fe80::14f0:845:ee8a:2657,2.141883,2015-12-30T11:38:48+00:00
/oikcom/wordpress-plugins-from-oik-plugins/oik-base-plugin/oik-jquery-library/jquery-fancybox/jquery-fancybox-with-bw_images-and-bw_thumbs/,,2.455587,5.5.18,1402,4277,300,37,428,58,28,14,117,,,,fe80::14f0:845:ee8a:2657,2.455478,2015-12-30T11:38:50+00:00
/oikcom/wordpress-plugins-from-oik-plugins/oik-base-plugin/15079-2/,,2.229416,5.5.18,1402,4213,300,37,422,58,28,14,90,,,,fe80::14f0:845:ee8a:2657,2.229317,2015-12-30T11:38:53+00:00
/oikcom/wordpress-plugins-from-oik-plugins/oik-base-plugin/oik-options/oik-options-buttons/oik-shortcodes-button/,,2.351316,5.5.18,1402,4165,300,37,423,58,28,14,99,,,,fe80::14f0:845:ee8a:2657,2.351221,2015-12-30T11:38:55+00:00
/oikcom/oik_api/bw_flush/,,3.261850,5.5.18,1402,4114,299,37,414,58,28,14,72,,,,fe80::14f0:845:ee8a:2657,3.261759,2015-12-30T11:38:58+00:00
/oikcom/wordpress-plugins-from-oik-plugins/oik-base-plugin/oik-options/oik-options-shortcode-help/,,2.322772,5.5.18,1402,4240,300,37,423,58,28,14,98,,,,fe80::14f0:845:ee8a:2657,2.322679,2015-12-30T11:39:01+00:00
/oikcom/wordpress-plugins-from-oik-plugins/oik-base-plugin/oik-jquery-library/,,2.270798,5.5.18,1402,4213,300,37,422,58,28,14,102,,,,fe80::14f0:845:ee8a:2657,2.270702,2015-12-30T11:39:03+00:00
/oikcom/apis/bbboing-apis/,,3.911620,5.5.18,1402,4234,300,37,428,58,28,14,91,,,,fe80::14f0:845:ee8a:2657,3.911526,2015-12-30T11:39:07+00:00
/oikcom/examples/email-signature-using-oik/,,2.171811,5.5.18,1402,4147,300,37,423,58,28,14,72,,,,fe80::14f0:845:ee8a:2657,2.171713,2015-12-30T11:39:10+00:00
/oikcom/wordpress-plugins-from-oik-plugins/free-oik-plugins/oik-trace-plugin/oik-bwtrace-modifications-to-wp-includesplugin-php/,,2.238112,5.5.18,1402,4128,300,37,420,58,28,14,94,,,,fe80::14f0:845:ee8a:2657,2.238014,2015-12-30T11:39:12+00:00
/oikcom/wordpress-plugins-from-oik-plugins/oik-base-plugin/oik-options/oik-options-buttons/oik-shortcodes-quicktag/,,2.339728,5.5.18,1402,4157,300,37,422,58,28,14,99,,,,fe80::14f0:845:ee8a:2657,2.339629,2015-12-30T11:39:14+00:00
