Elapsed,vanilla,vanilla-34,vanilla-34-kd,vanilla-34-kd-2,vanilla-35-owc
0.13,0.18808777429467,0,0,0,0
0.14,1.128526645768,0,0,0,0
0.15,1.2539184952978,0,0,0,0
0.16,0.68965517241379,0,0,0,0
0.17,0.25078369905956,0,0,0,0
0.18,0.25078369905956,0.24509803921569,0.24509803921569,0.24479804161567,0.12247397428047
0.19,0.75235109717868,1.0416666666667,1.4705882352941,1.1015911872705,1.5921616656461
0.20,0.18808777429467,1.7769607843137,1.8995098039216,2.1419828641371,2.0208205756277
0.21,0.12539184952978,0.24509803921569,0.18382352941176,0.3671970624235,0
0.22,0.12539184952978,0.061274509803922,0,0.12239902080783,0.061236987140233
0.23,0.06269592476489,0.30637254901961,0.18382352941176,0.18359853121175,0.061236987140233
0.24,0.06269592476489,0,0,0.12239902080783,0.12247397428047
0.25,0,0,0.12254901960784,0,0
0.26,0.06269592476489,0.12254901960784,0.061274509803922,0,0.1837109614207
0.27,0,0.61274509803922,0.36764705882353,0.18359853121175,0.30618493570116
0.28,0.68965517241379,0.42892156862745,0.18382352941176,0.3671970624235,0.3674219228414
0.29,0.43887147335423,0.24509803921569,0.30637254901961,0.55079559363525,0.79608083282303
0.30,0.75235109717868,0,0.36764705882353,0.3671970624235,0.12247397428047
0.31,2.5705329153605,0.55147058823529,0.67401960784314,0.55079559363525,0.3674219228414
0.32,2.7586206896552,0.61274509803922,0.30637254901961,0.42839657282742,0.55113288426209
0.33,1.6300940438871,0.42892156862745,0.42892156862745,0.061199510403917,0.061236987140233
0.34,0.87774294670846,0.12254901960784,0.061274509803922,0.18359853121175,0.24494794856093
0.35,1.0658307210031,0,0.061274509803922,0.12239902080783,0.061236987140233
0.36,1.7554858934169,0,0,0.12239902080783,1.4084507042254
0.37,0.75235109717868,0,0.24509803921569,0.061199510403917,0.61236987140233
0.38,0.87774294670846,0,0,0,0.73484384568279
0.39,0.6269592476489,0.12254901960784,0.061274509803922,0,2.8781383955909
0.40,1.2539184952978,0.30637254901961,0,0,3.9191671769749
0.41,1.4420062695925,0.061274509803922,0,0.061199510403917,1.4084507042254
0.42,2.1316614420063,0.061274509803922,0.18382352941176,0.061199510403917,1.3472137170851
0.43,2.5705329153605,0.42892156862745,0.73529411764706,0.42839657282742,0.85731781996326
0.44,2.5705329153605,1.1029411764706,0.8578431372549,1.2239902080783,0.85731781996326
0.45,3.1347962382445,0.30637254901961,0.24509803921569,0.3671970624235,1.5309246785058
0.46,2.5705329153605,0.73529411764706,1.0416666666667,1.1015911872705,2.9393753827312
0.47,2.257053291536,3.6764705882353,3.6764705882353,2.7539779681763,3.9191671769749
0.48,2.1316614420063,2.6348039215686,2.6960784313725,2.203182374541,5.4500918554807
0.49,1.8808777429467,1.2867647058824,1.3480392156863,1.3463892288862,4.3478260869565
0.50,1.7554858934169,1.0416666666667,0.91911764705882,1.1015911872705,2.4494794856093
0.51,2.1316614420063,0.79656862745098,0.8578431372549,1.1627906976744,3.1843233312921
0.52,2.6332288401254,1.2867647058824,1.2254901960784,1.0403916768666,3.4905082669933
0.53,2.0062695924765,1.8382352941176,1.531862745098,2.0195838433293,3.3067973055726
0.54,2.0689655172414,2.6348039215686,2.6960784313725,2.5703794369645,3.2455603184323
0.55,1.9435736677116,3.8602941176471,4.5955882352941,3.0599755201958,3.2455603184323
0.56,3.1974921630094,5.3308823529412,4.2892156862745,2.9987760097919,2.0820575627679
0.57,1.8181818181818,3.0024509803922,2.6348039215686,2.937576499388,2.6944274341702
0.58,1.5047021943574,2.2058823529412,3.125,2.6927784577723,2.2657685241886
0.59,1.2539184952978,2.5735294117647,3.6151960784314,3.671970624235,1.9595835884874
0.60,1.4420062695925,3.8602941176471,3.6764705882353,2.4479804161567,2.0208205756277
0.61,1.3166144200627,3.4313725490196,2.2671568627451,3.1211750305998,1.7146356399265
0.62,1.5047021943574,3.0024509803922,3.7377450980392,2.8151774785802,1.1022657685242
0.63,0.94043887147335,2.5735294117647,3.0024509803922,2.9987760097919,1.1022657685242
0.64,1.0031347962382,2.5735294117647,3.125,2.7539779681763,0.85731781996326
0.65,0.37617554858934,2.8186274509804,2.5122549019608,2.9987760097919,0.61236987140233
0.66,0.94043887147335,1.8995098039216,1.8382352941176,2.5091799265606,0.85731781996326
0.67,0.68965517241379,2.2671568627451,2.0833333333333,1.6523867809058,0.85731781996326
0.68,0.87774294670846,2.1446078431373,1.8995098039216,1.8359853121175,0.48989589712186
0.69,0.6269592476489,2.0220588235294,1.9607843137255,1.8971848225214,0.3674219228414
0.70,1.2539184952978,1.6544117647059,1.7156862745098,1.5299877600979,0.61236987140233
0.71,0.75235109717868,1.4705882352941,1.9607843137255,1.7747858017136,0.24494794856093
0.72,0.94043887147335,1.2867647058824,0.8578431372549,1.6523867809058,0.85731781996326
0.73,0.94043887147335,1.1642156862745,1.1642156862745,0.79559363525092,0.73484384568279
0.74,1.0658307210031,0.91911764705882,0.98039215686275,1.2239902080783,0.48989589712186
0.75,0.75235109717868,0.61274509803922,0.61274509803922,1.2851897184823,0.97979179424372
0.76,0.75235109717868,0.61274509803922,0.36764705882353,0.79559363525092,0.48989589712186
0.77,0.68965517241379,0.42892156862745,0.73529411764706,1.0403916768666,0.97979179424372
0.78,0.50156739811912,0.49019607843137,1.0416666666667,0.734394124847,0.3674219228414
0.79,0.87774294670846,0.42892156862745,0.61274509803922,0.79559363525092,0.48989589712186
0.80,0.18808777429467,0.36764705882353,0.12254901960784,0.42839657282742,0.1837109614207
0.8,2.0689655172414,3.6764705882353,3.125,3.7331701346389,2.4494794856093
0.9,3.3855799373041,5.0245098039216,5.0245098039216,4.8959608323133,2.63319044703
1.0,2.7586206896552,3.0024509803922,4.1666666666667,4.1003671970624,3.4905082669933
1.1,2.257053291536,2.3897058823529,2.0220588235294,2.3867809057528,1.5309246785058
1.2,1.8181818181818,1.8382352941176,1.2867647058824,2.1419828641371,0.91855480710349
1.3,1.3166144200627,0.79656862745098,0.98039215686275,1.1015911872705,0.91855480710349
1.4,0.50156739811912,0.98039215686275,0.55147058823529,0.61199510403917,0.48989589712186
1.5,0.37617554858934,0.55147058823529,0.49019607843137,0.61199510403917,0.79608083282303
1.6,0.56426332288401,0.55147058823529,0.42892156862745,0.61199510403917,0.1837109614207
1.7,0.37617554858934,0.30637254901961,0.49019607843137,0.55079559363525,0.30618493570116
1.8,0.18808777429467,0.24509803921569,0.12254901960784,0.24479804161567,0.30618493570116
1.9,0.12539184952978,0.36764705882353,0.30637254901961,0.18359853121175,0.73484384568279
2.0,0.37617554858934,0.42892156862745,0.18382352941176,0.18359853121175,0.30618493570116
2.1,0.43887147335423,0.30637254901961,0.12254901960784,0.3671970624235,0.24494794856093
2.2,0.18808777429467,0.24509803921569,0.18382352941176,0.18359853121175,0.24494794856093
2.3,0.37617554858934,0.30637254901961,0.12254901960784,0.061199510403917,0
2.4,0.25078369905956,0,0.12254901960784,0.061199510403917,0.12247397428047
2.5,0.18808777429467,0.18382352941176,0.12254901960784,0.30599755201958,0.12247397428047
2.6,0.06269592476489,0.061274509803922,0,0,0.061236987140233
2.6+,1.3793103448276,0.61274509803922,0.36764705882353,0.48959608323133,0.30618493570116
>>>,0.37617554858934,0,0,0,0.24494794856093
Summary report: 
name,count,total,average,plusorminus,percentage
vanilla,1595,1097.318624,0.68797405893417,0,0
vanilla-34,1632,1165.407507,0.71409773713235,0.026123678198182,3.7971894229055
vanilla-34-kd,1632,1117.971245,0.68503140012255,-0.00294265881162,-0.42772816407916
vanilla-34-kd-2,1634,1166.311225,0.71377675948593,0.025802700551755,3.7505339360803
vanilla-35-owc,1633,1042.349642,0.6383035162278,-0.049670542706369,-7.2198278498059
Script required once: vt-top12.php
Did: run_vt-top12.php
<!--PHP version:7.0.7
--><!--PHP functions:1278
--><!--User functions:4223
--><!--Classes:392
--><!--Plugins:57
--><!--Files:457
--><!--Registered widgets:129
--><!--Post types:46
--><!--Taxonomies:29
--><!--Queries:4
--><!--Query time:0.042170763015747
--><!--Trace file:C:/apache/htdocs/wordpress/bwtraces.loh
--><!--Trace records:701
--><!--Remote addr:
--><!--Elapsed (secs):4.904392
-->